{
  "configuration": {
    "default_parameters": {
      "absolute_regularization": 0.01,
      "covariance_mode": 0,
      "gaussians": 1,
      "hierarchical": true,
      "regression_estimator": 0,
      "relative_regularization": 0.01,
      "states": 1,
      "transition_mode": 1
    },
    "multiClass_regression_estimator": 0,
    "multithreading": 0
  },
  "exit_transition": [
    0.1,
    0.1,
    0.1
  ],
  "models": [
    {
      "exitProbabilities": [
        0.10000000149011612
      ],
      "label": "gadoue",
      "parameters": {
        "absolute_regularization": 0.01,
        "covariance_mode": 0,
        "gaussians": 1,
        "hierarchical": true,
        "regression_estimator": 0,
        "relative_regularization": 0.01,
        "states": 1,
        "transition_mode": 1
      },
      "states": [
        {
          "components": [
            {
              "bimodal": false,
              "covariance": [
                1.2388487715003786,
                2.5244044681999407,
                -3.1704724779380817,
                -33.41898448847259,
                -0.29380841174856703,
                -2.118596003673269,
                2.5244044681999407,
                11.013313250836246,
                -12.674613440958044,
                27.205831541903155,
                -27.16396447024227,
                -5.941214423611673,
                -3.1704724779380817,
                -12.674613440958044,
                19.763238357718716,
                -55.55652688827927,
                33.59720475033715,
                8.074203317454048,
                -33.41898448847259,
                27.205831541903155,
                -55.55652688827927,
                24155.624023766046,
                -5413.924112428637,
                1088.3796613979825,
                -0.29380841174856703,
                -27.16396447024227,
                33.59720475033715,
                -5413.924112428637,
                1678.6255017788078,
                -368.7395034843669,
                -2.118596003673269,
                -5.941214423611673,
                8.074203317454048,
                1088.3796613979825,
                -368.7395034843669,
                279.30061298865627
              ],
              "covariance_determinant": 57736151838.04172,
              "covariance_determinant_input": 0,
              "covariance_mode": 0,
              "dimension": 6,
              "dimension_input": 0,
              "inverse_covariance": [
                1.8030099456914825,
                -0.2662364348679221,
                0.11503758264223923,
                0.005914667260977142,
                0.012320791640937405,
                -0.002094502640419111,
                -0.2662364348679219,
                0.4075020717778758,
                0.20810133076077209,
                0.0007547234407055524,
                0.006070141624400512,
                0.005705797180765431,
                0.11503758264223925,
                0.20810133076077214,
                0.2026400709210779,
                0.0008458364164692282,
                0.001708652624931879,
                -0.0015990218186942762,
                0.005914667260977145,
                0.0007547234407055515,
                0.0008458364164692282,
                0.00018194193129407847,
                0.0006132326144010132,
                0.00013707990391808515,
                0.01232079164093742,
                0.006070141624400508,
                0.001708652624931879,
                0.0006132326144010134,
                0.0030322042104369198,
                0.0017867284596050758,
                -0.0020945026404190913,
                0.005705797180765433,
                -0.0015990218186942744,
                0.00013707990391808564,
                0.0017867284596050773,
                0.005556791143048578
              ],
              "inverse_covariance_input": [],
              "mean": [
                0.705832019554717,
                -2.23788595369884,
                -8.601596994059426,
                -23.310059462274776,
                2.819042871679576,
                -5.031005682583365
              ]
            }
          ],
          "label": "",
          "mixture_coeffs": [
            1
          ],
          "parameters": {
            "absolute_regularization": 0.01,
            "covariance_mode": 0,
            "gaussians": 1,
            "relative_regularization": 0.01
          }
        }
      ],
      "transition": [
        1,
        0
      ]
    },
    {
      "exitProbabilities": [
        0.10000000149011612
      ],
      "label": "tempete",
      "parameters": {
        "absolute_regularization": 0.01,
        "covariance_mode": 0,
        "gaussians": 1,
        "hierarchical": true,
        "regression_estimator": 0,
        "relative_regularization": 0.01,
        "states": 1,
        "transition_mode": 1
      },
      "states": [
        {
          "components": [
            {
              "bimodal": false,
              "covariance": [
                6.453964273825113,
                1.41114475053204,
                -0.277624994893545,
                -175.73489484842494,
                -4.339199588992564,
                35.23130898110693,
                1.41114475053204,
                3.4160195372238293,
                -4.177249028303795,
                -28.143691790174778,
                95.51389275400064,
                124.42255601453127,
                -0.277624994893545,
                -4.177249028303795,
                11.563896372401599,
                -21.531941067852653,
                -206.72655999204017,
                -275.64171876832893,
                -175.73489484842494,
                -28.143691790174778,
                -21.531941067852653,
                7234.671003224848,
                760.4500365620053,
                -117.65647421195138,
                -4.339199588992564,
                95.51389275400064,
                -206.72655999204017,
                760.4500365620053,
                4366.662335271669,
                5235.661425304847,
                35.23130898110693,
                124.42255601453127,
                -275.64171876832893,
                -117.65647421195138,
                5235.661425304847,
                7313.664445592392
              ],
              "covariance_determinant": 35960490709.62217,
              "covariance_determinant_input": 0,
              "covariance_mode": 0,
              "dimension": 6,
              "dimension_input": 0,
              "inverse_covariance": [
                0.5735392414393117,
                -0.1382247896133848,
                -0.10337646969676664,
                0.01169996238630906,
                0.011299908614750913,
                -0.012208523425194165,
                -0.13822478961338536,
                1.3723267879036807,
                -0.6879160900525784,
                0.003336658143480026,
                -0.03591076853034348,
                -0.02284596675985921,
                -0.10337646969676606,
                -0.6879160900525794,
                1.3940269157692566,
                -0.0032355870298727187,
                0.027830882433864158,
                0.04476450604857381,
                0.01169996238630906,
                0.0033366581434800266,
                -0.0032355870298727153,
                0.0004361142380827267,
                -0.00012033710418499736,
                -0.0001419079730136163,
                0.011299908614750925,
                -0.03591076853034341,
                0.02783088243386405,
                -0.00012033710418499724,
                0.0031179208643242503,
                -0.0006285747950365534,
                -0.012208523425194146,
                -0.022845966759859303,
                0.044764506048573884,
                -0.00014190797301361655,
                -0.0006285747950365481,
                0.0027190131281499687
              ],
              "inverse_covariance_input": [],
              "mean": [
                -1.0901068939770362,
                -2.2661057673875784,
                -9.625785462710322,
                2.651238865998322,
                -31.53325722701087,
                22.90510939487389
              ]
            }
          ],
          "label": "",
          "mixture_coeffs": [
            1
          ],
          "parameters": {
            "absolute_regularization": 0.01,
            "covariance_mode": 0,
            "gaussians": 1,
            "relative_regularization": 0.01
          }
        }
      ],
      "transition": [
        1,
        0
      ]
    },
    {
      "exitProbabilities": [
        0.10000000149011612
      ],
      "label": "vent",
      "parameters": {
        "absolute_regularization": 0.01,
        "covariance_mode": 0,
        "gaussians": 1,
        "hierarchical": true,
        "regression_estimator": 0,
        "relative_regularization": 0.01,
        "states": 1,
        "transition_mode": 1
      },
      "states": [
        {
          "components": [
            {
              "bimodal": false,
              "covariance": [
                10.012243879647801,
                1.5719438332441622,
                0.3492470784460784,
                -8.416194730773292,
                -21.25072434470658,
                -20.409499047972794,
                1.5719438332441622,
                1.1788583497276093,
                0.2750861599096092,
                -4.521086700283461,
                -8.963774563430906,
                -48.48473314498889,
                0.3492470784460784,
                0.2750861599096092,
                0.9772760069693534,
                -2.517869623659187,
                3.2246730421704983,
                20.199675541585442,
                -8.416194730773292,
                -4.521086700283461,
                -2.517869623659187,
                359.19438782774233,
                -53.10607147249855,
                251.300755286046,
                -21.25072434470658,
                -8.963774563430906,
                3.2246730421704983,
                -53.10607147249855,
                823.9782573661297,
                3753.9106850675867,
                -20.409499047972794,
                -48.48473314498889,
                20.199675541585442,
                251.300755286046,
                3753.9106850675867,
                26154.24094405288
              ],
              "covariance_determinant": 14489564580.941595,
              "covariance_determinant_input": 0,
              "covariance_mode": 0,
              "dimension": 6,
              "dimension_input": 0,
              "inverse_covariance": [
                0.1475022306130295,
                -0.17922797817224695,
                0.009749495215518858,
                0.0037817862939212837,
                0.009387729887579726,
                -0.00160843421432373,
                -0.17922797817224695,
                1.2973827824696735,
                -0.3305456046648148,
                0.008244665310625204,
                0.0005612110685684676,
                0.002360748759505355,
                0.009749495215518864,
                -0.33054560466481486,
                1.1578883127799797,
                0.004897197917522187,
                -0.001487255339771256,
                -0.00133301697614924,
                0.0037817862939212845,
                0.008244665310625201,
                0.004897197917522186,
                0.0033571138250970793,
                0.001345091054648293,
                -0.0002108642335227571,
                0.00938772988757973,
                0.0005612110685684606,
                -0.001487255339771257,
                0.001345091054648293,
                0.004535911855426767,
                -0.0006544475638492339,
                -0.0016084342143237302,
                0.002360748759505356,
                -0.00133301697614924,
                -0.0002108642335227571,
                -0.0006544475638492337,
                0.00013834419814009457
              ],
              "inverse_covariance_input": [],
              "mean": [
                0.4518151814394655,
                0.08800619095563883,
                -9.895650358483342,
                8.242907235527984,
                -2.1708058171933233,
                -14.850729012253236
              ]
            }
          ],
          "label": "",
          "mixture_coeffs": [
            1
          ],
          "parameters": {
            "absolute_regularization": 0.01,
            "covariance_mode": 0,
            "gaussians": 1,
            "relative_regularization": 0.01
          }
        }
      ],
      "transition": [
        1,
        0
      ]
    }
  ],
  "prior": [
    0.3333333333333333,
    0.3333333333333333,
    0.3333333333333333
  ],
  "shared_parameters": {
    "bimodal": false,
    "column_names": [
      "accelGravX",
      "accelGravY",
      "accelGravZ",
      "rotAlpha",
      "rotBeta",
      "rotGamma"
    ],
    "dimension": 6,
    "dimension_input": 0,
    "em_algorithm_max_iterations": 0,
    "em_algorithm_min_iterations": 10,
    "em_algorithm_percent_chg": 0.01,
    "likelihood_window": 1
  },
  "transition": [
    [
      0.3333333333333333,
      0.3333333333333333,
      0.3333333333333333
    ],
    [
      0.3333333333333333,
      0.3333333333333333,
      0.3333333333333333
    ],
    [
      0.3333333333333333,
      0.3333333333333333,
      0.3333333333333333
    ]
  ]
}