{
  "configuration": {
    "default_parameters": {
      "absolute_regularization": 0.01,
      "covariance_mode": 0,
      "gaussians": 1,
      "hierarchical": true,
      "regression_estimator": 0,
      "relative_regularization": 0.01,
      "states": 3,
      "transition_mode": 1
    },
    "multiClass_regression_estimator": 0,
    "multithreading": 0
  },
  "exit_transition": [
    0.1,
    0.1,
    0.1
  ],
  "models": [
    {
      "exitProbabilities": [
        0,
        0,
        0.10000000149011612
      ],
      "label": "branches",
      "parameters": {
        "absolute_regularization": 0.01,
        "covariance_mode": 0,
        "gaussians": 1,
        "hierarchical": true,
        "regression_estimator": 0,
        "relative_regularization": 0.01,
        "states": 3,
        "transition_mode": 1
      },
      "states": [
        {
          "components": [
            {
              "bimodal": false,
              "covariance": [
                0.9967980113261713,
                1.6987229769237708,
                2.814236446436196,
                -88.06380682741448,
                7.471428577366867,
                -3.741812773148041,
                1.6987229769237708,
                7.808409634126524,
                9.3305314904191,
                -395.6602000203197,
                37.74405335544931,
                -35.02984834515438,
                2.814236446436196,
                9.3305314904191,
                28.522282869235397,
                -373.41295649222513,
                -53.75322524198267,
                -40.883379207185264,
                -88.06380682741448,
                -395.6602000203197,
                -373.41295649222513,
                26818.549339397872,
                -3902.1342737956215,
                1633.3342421654684,
                7.471428577366867,
                37.74405335544931,
                -53.75322524198267,
                -3902.1342737956215,
                1543.2880053415925,
                -128.44061637558158,
                -3.741812773148041,
                -35.02984834515438,
                -40.883379207185264,
                1633.3342421654684,
                -128.44061637558158,
                312.86787133661113
              ],
              "covariance_determinant": 29382066300.959797,
              "covariance_determinant_input": 0,
              "covariance_mode": 0,
              "dimension": 6,
              "dimension_input": 0,
              "inverse_covariance": [
                2.0488450122266615,
                -0.5146441233295789,
                -0.1321870699177614,
                -0.0009535660259481062,
                -0.008414519399529639,
                -0.048867399555156385,
                -0.5146441233295789,
                1.1054626627585475,
                -0.08597944689806418,
                0.010959515186669828,
                0.004414023053050276,
                0.050979173679211044,
                -0.13218706991776136,
                -0.0859794468980643,
                0.11263690925749122,
                0.0012358550899039394,
                0.009883671417492803,
                0.0011168025413596041,
                -0.0009535660259481064,
                0.010959515186669823,
                0.001235855089903941,
                0.00027562431013362855,
                0.00048806594973513703,
                0.00013861726738302488,
                -0.008414519399529634,
                0.004414023053050263,
                0.009883671417492804,
                0.00048806594973513687,
                0.002161079275009842,
                0.00002432469157257241,
                -0.04886739955515638,
                0.050979173679211044,
                0.0011168025413596085,
                0.00013861726738302488,
                0.000024324691572572768,
                0.007751881531783252
              ],
              "inverse_covariance_input": [],
              "mean": [
                0.91786011773487,
                -6.729048442652578,
                -0.9740143754804463,
                -61.332039430738405,
                -0.000171536019945007,
                -9.915949801679906
              ]
            }
          ],
          "label": "",
          "mixture_coeffs": [
            1
          ],
          "parameters": {
            "absolute_regularization": 0.01,
            "covariance_mode": 0,
            "gaussians": 1,
            "relative_regularization": 0.01
          }
        },
        {
          "components": [
            {
              "bimodal": false,
              "covariance": [
                1.9709952914108078,
                0.2025414114978969,
                2.72011313092526,
                -59.19609517594452,
                -4.155638282105526,
                -4.194630087596226,
                0.2025414114978969,
                1.5546937773069922,
                2.2750061135917194,
                -123.71825753622262,
                -1.1905100678018776,
                3.8694204530964558,
                2.72011313092526,
                2.2750061135917194,
                51.6194823265984,
                -1336.4473234304348,
                201.4526479628323,
                9.855643726947056,
                -59.19609517594452,
                -123.71825753622262,
                -1336.4473234304348,
                57751.7145873725,
                -6177.42708196785,
                446.8094463021066,
                -4.155638282105526,
                -1.1905100678018776,
                201.4526479628323,
                -6177.42708196785,
                1494.6557682652726,
                275.0588377235258,
                -4.194630087596226,
                3.8694204530964558,
                9.855643726947056,
                446.8094463021066,
                275.0588377235258,
                635.003077992131
              ],
              "covariance_determinant": 485967233047.0022,
              "covariance_determinant_input": 0,
              "covariance_mode": 0,
              "dimension": 6,
              "dimension_input": 0,
              "inverse_covariance": [
                0.6761830873921841,
                0.14317850291555065,
                -0.08925027120237986,
                0.0009658680789957255,
                0.01871596638195671,
                -0.00380724449106159,
                0.1431785029155506,
                1.2609220122440692,
                -0.05411066260455554,
                0.005818551425968314,
                0.03757799198181165,
                -0.026269327303757865,
                -0.08925027120237984,
                -0.054110662604555534,
                0.07311361402935773,
                0.0006408502433796809,
                -0.007777334582543571,
                0.0015233154014798877,
                0.0009658680789957248,
                0.005818551425968313,
                0.0006408502433796809,
                0.00007710180023726434,
                0.0002790135887267282,
                -0.00021413112011741298,
                0.018715966381956703,
                0.037577991981811644,
                -0.007777334582543571,
                0.0002790135887267282,
                0.0032443514260065863,
                -0.0015862935640321076,
                -0.0038072444910615877,
                -0.02626932730375786,
                0.0015233154014798877,
                -0.00021413112011741298,
                -0.0015862935640321076,
                0.0025238676204196275
              ],
              "inverse_covariance_input": [],
              "mean": [
                2.139281052690292,
                1.3671047686699305,
                -17.074393186674566,
                -154.41951969688486,
                8.557170520790423,
                0.13852371699109292
              ]
            }
          ],
          "label": "",
          "mixture_coeffs": [
            1
          ],
          "parameters": {
            "absolute_regularization": 0.01,
            "covariance_mode": 0,
            "gaussians": 1,
            "relative_regularization": 0.01
          }
        },
        {
          "components": [
            {
              "bimodal": false,
              "covariance": [
                1.0737375015284742,
                1.0021599152171412,
                -0.5171285065952465,
                6.819982359636251,
                -0.9563432479578367,
                5.550822892206756,
                1.0021599152171412,
                9.636873358311554,
                -9.383520953406554,
                300.26860836419786,
                -66.31635988614273,
                38.619679905021066,
                -0.5171285065952465,
                -9.383520953406554,
                19.291956008431598,
                -300.24476125744525,
                85.29443352881422,
                -43.45606771766628,
                6.819982359636251,
                300.26860836419786,
                -300.24476125744525,
                10514.36966235225,
                -2548.48911059375,
                1024.8393961771876,
                -0.9563432479578367,
                -66.31635988614273,
                85.29443352881422,
                -2548.48911059375,
                1218.8945666545144,
                -215.6672349089883,
                5.550822892206756,
                38.619679905021066,
                -43.45606771766628,
                1024.8393961771876,
                -215.6672349089883,
                422.4927430615182
              ],
              "covariance_determinant": 5435370064.561025,
              "covariance_determinant_input": 0,
              "covariance_mode": 0,
              "dimension": 6,
              "dimension_input": 0,
              "inverse_covariance": [
                2.5928560389478448,
                -2.3974870916273776,
                -0.09946173084453339,
                0.06736929061247189,
                0.02356361659628041,
                0.023467102745348675,
                -2.3974870916273776,
                3.622407921799182,
                0.16772896080665103,
                -0.10033958465576405,
                -0.03652097594939274,
                -0.05761941728464066,
                -0.09946173084453322,
                0.16772896080665084,
                0.11027390273603001,
                -0.0027536567022685005,
                -0.004088548357563649,
                0.0019096560268045259,
                0.06736929061247186,
                -0.10033958465576401,
                -0.002753656702268505,
                0.0030458699762498966,
                0.0013890626971184673,
                0.001324312243031991,
                0.023563616596280354,
                -0.03652097594939265,
                -0.004088548357563648,
                0.0013890626971184653,
                0.0020970061370158824,
                0.0003092314502469205,
                0.023467102745348738,
                -0.057619417284640734,
                0.0019096560268045209,
                0.001324312243031994,
                0.00030923145024692284,
                0.004467417785635522
              ],
              "inverse_covariance_input": [],
              "mean": [
                0.4421110836802601,
                -3.3610269425969777,
                -5.318947555038511,
                190.53543346661758,
                -20.78071693928902,
                6.589575668717212
              ]
            }
          ],
          "label": "",
          "mixture_coeffs": [
            1
          ],
          "parameters": {
            "absolute_regularization": 0.01,
            "covariance_mode": 0,
            "gaussians": 1,
            "relative_regularization": 0.01
          }
        }
      ],
      "transition": [
        0.9367016553878784,
        0.06329841166734695,
        0.9384047985076904,
        0.06159519404172897,
        1,
        0
      ]
    },
    {
      "exitProbabilities": [
        0,
        0,
        0.10000000149011612
      ],
      "label": "tempete",
      "parameters": {
        "absolute_regularization": 0.01,
        "covariance_mode": 0,
        "gaussians": 1,
        "hierarchical": true,
        "regression_estimator": 0,
        "relative_regularization": 0.01,
        "states": 3,
        "transition_mode": 1
      },
      "states": [
        {
          "components": [
            {
              "bimodal": false,
              "covariance": [
                32.07190988955301,
                0.6515972248312554,
                7.89893498790264,
                -567.3435268643566,
                158.04677179914046,
                237.53340510000947,
                0.6515972248312554,
                1.0190599398361846,
                1.4896881590758784,
                22.213227430710766,
                -20.010411838124146,
                -31.118024398752382,
                7.89893498790264,
                1.4896881590758784,
                10.020090927256406,
                -42.636793578911075,
                -39.88961225667368,
                -97.04215160978872,
                -567.3435268643566,
                22.213227430710766,
                -42.636793578911075,
                12869.474642811465,
                -4216.52736280626,
                -7221.927529359247,
                158.04677179914046,
                -20.010411838124146,
                -39.88961225667368,
                -4216.52736280626,
                1926.3952531099787,
                2740.438320069817,
                237.53340510000947,
                -31.118024398752382,
                -97.04215160978872,
                -7221.927529359247,
                2740.438320069817,
                6807.089220850244
              ],
              "covariance_determinant": 46945195346.692055,
              "covariance_determinant_input": 0,
              "covariance_mode": 0,
              "dimension": 6,
              "dimension_input": 0,
              "inverse_covariance": [
                0.41561249038466064,
                -0.48773314199663065,
                -0.2942103803984695,
                0.011360588668029947,
                -0.018176417842902255,
                -0.0015562085088567674,
                -0.4877331419966304,
                2.1265333862700495,
                0.37073427051099106,
                -0.000846558928297941,
                0.05534052980595991,
                0.008848449809642648,
                -0.29421038039846936,
                0.37073427051099084,
                0.7862200177212796,
                0.019306652890622143,
                0.05717003899084455,
                0.02063702583407835,
                0.011360588668029952,
                -0.0008465589282979705,
                0.01930665289062214,
                0.002006567715809486,
                0.0023412645524456223,
                0.0010612307082010683,
                -0.01817641784290225,
                0.05534052980595988,
                0.05717003899084457,
                0.002341264552445623,
                0.006876823671430586,
                0.001417702849623731,
                -0.0015562085088567613,
                0.008848449809642629,
                0.020637025834078344,
                0.0010612307082010681,
                0.0014177028496237297,
                0.001091018933792928
              ],
              "inverse_covariance_input": [],
              "mean": [
                -4.474873477359435,
                -1.2613762326912719,
                -11.813345773714131,
                70.5553901245875,
                -58.42519290106781,
                96.31228844084725
              ]
            }
          ],
          "label": "",
          "mixture_coeffs": [
            1
          ],
          "parameters": {
            "absolute_regularization": 0.01,
            "covariance_mode": 0,
            "gaussians": 1,
            "relative_regularization": 0.01
          }
        },
        {
          "components": [
            {
              "bimodal": false,
              "covariance": [
                34.763121208700575,
                3.0844541953770093,
                -8.02507584133917,
                -834.6889051524091,
                182.49842403826818,
                324.4202278508437,
                3.0844541953770093,
                2.2465374383901353,
                -3.9187785412805756,
                -49.26909937805223,
                30.752883164516142,
                101.0010477563995,
                -8.02507584133917,
                -3.9187785412805756,
                9.65960053895611,
                167.7721137244697,
                -74.58942069098707,
                -221.13731794100772,
                -834.6889051524091,
                -49.26909937805223,
                167.7721137244697,
                21072.283351454673,
                -4300.943347212003,
                -7208.18782729874,
                182.49842403826818,
                30.752883164516142,
                -74.58942069098707,
                -4300.943347212003,
                1560.6481178624526,
                2291.7349846115894,
                324.4202278508437,
                101.0010477563995,
                -221.13731794100772,
                -7208.18782729874,
                2291.7349846115894,
                6443.039955312413
              ],
              "covariance_determinant": 20948540418.90881,
              "covariance_determinant_input": 0,
              "covariance_mode": 0,
              "dimension": 6,
              "dimension_input": 0,
              "inverse_covariance": [
                1.0131753683410762,
                -0.8827958385442004,
                -0.19709047594617984,
                0.039208225022060374,
                -0.004891770730506577,
                0.0016631208379199016,
                -0.8827958385442006,
                3.8077094268399962,
                0.21121408952213105,
                -0.0513762321938511,
                -0.01498001673587379,
                -0.060138972144233846,
                -0.19709047594618,
                0.21121408952213128,
                0.7062379732750903,
                -0.0026260607607671797,
                0.00923430348030494,
                0.024629856334275876,
                0.03920822502206038,
                -0.051376232193851096,
                -0.002626060760767171,
                0.0017673113474162908,
                0.00024653802538441243,
                0.000630526010166642,
                -0.004891770730506576,
                -0.01498001673587382,
                0.009234303480304944,
                0.0002465380253844127,
                0.0022018469872542193,
                0.00029071346763111624,
                0.0016631208379198927,
                -0.060138972144233825,
                0.024629856334275883,
                0.0006305260101666417,
                0.0002907134676311153,
                0.0024615463080198486
              ],
              "inverse_covariance_input": [],
              "mean": [
                -1.8134854914497602,
                -1.5171885643046081,
                -1.4278950816049554,
                -70.55650828704339,
                -135.74973045937733,
                -126.30399551578566
              ]
            }
          ],
          "label": "",
          "mixture_coeffs": [
            1
          ],
          "parameters": {
            "absolute_regularization": 0.01,
            "covariance_mode": 0,
            "gaussians": 1,
            "relative_regularization": 0.01
          }
        },
        {
          "components": [
            {
              "bimodal": false,
              "covariance": [
                11.010696497254399,
                2.8625427509733528,
                -4.384409644713495,
                -260.2447910976615,
                -128.18276745040149,
                35.0018988103207,
                2.8625427509733528,
                1.2132180926772078,
                -0.34337191382287635,
                -61.17481762498711,
                -34.1970205672103,
                -5.0396277511515395,
                -4.384409644713495,
                -0.34337191382287635,
                8.345785146811751,
                174.52007352313663,
                61.64232196008123,
                -87.56160331068102,
                -260.2447910976615,
                -61.17481762498711,
                174.52007352313663,
                8093.453923416314,
                3464.158936969874,
                -1773.3701629741201,
                -128.18276745040149,
                -34.1970205672103,
                61.64232196008123,
                3464.158936969874,
                1775.8508567165393,
                -462.59545943767904,
                35.0018988103207,
                -5.0396277511515395,
                -87.56160331068102,
                -1773.3701629741201,
                -462.59545943767904,
                1786.4970305198503
              ],
              "covariance_determinant": 3898046524.7461176,
              "covariance_determinant_input": 0,
              "covariance_mode": 0,
              "dimension": 6,
              "dimension_input": 0,
              "inverse_covariance": [
                0.7648021955155457,
                -0.6728704340920872,
                -0.018590050093698518,
                0.007138868962088533,
                0.02807069296698329,
                -0.003438621913311081,
                -0.6728704340920872,
                3.050242489989631,
                -0.2272361963095805,
                0.003301073041833657,
                0.01634797977797734,
                0.018160225831872972,
                -0.018590050093698497,
                -0.22723619630958042,
                0.38006858279104716,
                -0.007942146361230399,
                -0.0007408265457641717,
                0.010275890187094319,
                0.007138868962088527,
                0.003301073041833658,
                -0.007942146361230406,
                0.0013704431668892974,
                -0.001715546927679239,
                0.00039632528466736514,
                0.028070692966983307,
                0.016347979777977344,
                -0.0007408265457641639,
                -0.001715546927679239,
                0.00610372429230684,
                -0.0006626108823852985,
                -0.0034386219133110832,
                0.01816022583187298,
                0.010275890187094317,
                0.00039632528466736536,
                -0.0006626108823852988,
                0.0014038440035462766
              ],
              "inverse_covariance_input": [],
              "mean": [
                -1.9147290037035216,
                -2.308799143550675,
                -13.273262162283345,
                -13.687630034449475,
                23.314908139927493,
                117.79163976566163
              ]
            }
          ],
          "label": "",
          "mixture_coeffs": [
            1
          ],
          "parameters": {
            "absolute_regularization": 0.01,
            "covariance_mode": 0,
            "gaussians": 1,
            "relative_regularization": 0.01
          }
        }
      ],
      "transition": [
        0.96296226978302,
        0.037037722766399384,
        0.9629627466201782,
        0.03703724592924118,
        1,
        0
      ]
    },
    {
      "exitProbabilities": [
        0,
        0,
        0.10000000149011612
      ],
      "label": "vent",
      "parameters": {
        "absolute_regularization": 0.01,
        "covariance_mode": 0,
        "gaussians": 1,
        "hierarchical": true,
        "regression_estimator": 0,
        "relative_regularization": 0.01,
        "states": 3,
        "transition_mode": 1
      },
      "states": [
        {
          "components": [
            {
              "bimodal": false,
              "covariance": [
                17.69831674555066,
                4.118661823896326,
                -0.744823236338353,
                127.64277395687854,
                -27.142265612290892,
                -398.3784564356328,
                4.118661823896326,
                3.228565872742558,
                -0.15595827642047488,
                22.567817049577197,
                -14.733337753749542,
                -41.75824193435266,
                -0.744823236338353,
                -0.15595827642047488,
                1.5484311056001447,
                -23.79678296335202,
                -4.930802945390786,
                150.85498244453723,
                127.64277395687854,
                22.567817049577197,
                -23.79678296335202,
                1528.2403403515639,
                -86.44447622160197,
                -7660.846479044041,
                -27.142265612290892,
                -14.733337753749542,
                -4.930802945390786,
                -86.44447622160197,
                376.3582877554918,
                45.82026014888193,
                -398.3784564356328,
                -41.75824193435266,
                150.85498244453723,
                -7660.846479044041,
                45.82026014888193,
                53586.958935385504
              ],
              "covariance_determinant": 40420468180.97037,
              "covariance_determinant_input": 0,
              "covariance_mode": 0,
              "dimension": 6,
              "dimension_input": 0,
              "inverse_covariance": [
                0.46356876723620144,
                -0.15443347587412798,
                -0.25915794808724457,
                -0.06947534442599605,
                0.008749606786581259,
                -0.005884242286664503,
                -0.154433475874128,
                0.5124347641247912,
                0.1440897632872471,
                0.008671330960545646,
                0.012793292914804024,
                0.0000743145297168751,
                -0.25915794808724457,
                0.14408976328724707,
                1.1234866640345171,
                0.044741788505687066,
                0.01177493535721427,
                0.0014091277938287838,
                -0.06947534442599604,
                0.00867133096054564,
                0.04474178850568705,
                0.013331429475435195,
                -0.001177509280440773,
                0.0012711877485905622,
                0.008749606786581259,
                0.012793292914804025,
                0.011774935357214272,
                -0.0011775092804407734,
                0.0036884591531400057,
                -0.00012962391449186506,
                -0.0058842422866645,
                0.00007431452971687421,
                0.0014091277938287818,
                0.001271187748590562,
                -0.00012962391449186498,
                0.00015284852300370344
              ],
              "inverse_covariance_input": [],
              "mean": [
                0.37433968233382964,
                -0.7378023897415675,
                -9.048954486090294,
                32.003224399011145,
                19.591037141952327,
                -1.1437457729355032
              ]
            }
          ],
          "label": "",
          "mixture_coeffs": [
            1
          ],
          "parameters": {
            "absolute_regularization": 0.01,
            "covariance_mode": 0,
            "gaussians": 1,
            "relative_regularization": 0.01
          }
        },
        {
          "components": [
            {
              "bimodal": false,
              "covariance": [
                54.31683553430342,
                14.012550688601179,
                8.780033728802218,
                -81.02310775677265,
                -14.181788099475524,
                275.7240485462691,
                14.012550688601179,
                4.446601071127941,
                2.504010150840093,
                -27.673101174588574,
                -5.99381861070415,
                106.96569999861417,
                8.780033728802218,
                2.504010150840093,
                2.916428696887746,
                -2.3735401058418684,
                -1.3678670076253754,
                -41.27491917905305,
                -81.02310775677265,
                -27.673101174588574,
                -2.3735401058418684,
                2148.462972338356,
                435.94948623201407,
                -9419.083143302081,
                -14.181788099475524,
                -5.99381861070415,
                -1.3678670076253754,
                435.94948623201407,
                811.2698842817016,
                -4901.521024888425,
                275.7240485462691,
                106.96569999861417,
                -41.27491917905305,
                -9419.083143302081,
                -4901.521024888425,
                66299.17013615542
              ],
              "covariance_determinant": 959811233486.6638,
              "covariance_determinant_input": 0,
              "covariance_mode": 0,
              "dimension": 6,
              "dimension_input": 0,
              "inverse_covariance": [
                0.1040919552043677,
                -0.2911701430508692,
                -0.06485108845707982,
                -0.000042634684096722546,
                -0.0008598481077909445,
                -0.00007312766928361932,
                -0.29117014305086925,
                1.3388553222428279,
                -0.2905384701784702,
                0.0014278885752903939,
                -0.00371793226903617,
                -0.0012020521489169316,
                -0.0648510884570798,
                -0.29053847017847023,
                0.839645673144493,
                0.004984630669583351,
                0.013292751585218915,
                0.0029520778991102385,
                -0.00004263468409671954,
                0.00142788857529038,
                0.00498463066958335,
                0.0016207185975067673,
                0.0009837538999076338,
                0.0003039605795803434,
                -0.0008598481077909416,
                -0.0037179322690361833,
                0.013292751585218917,
                0.000983753899907634,
                0.0029569506531542103,
                0.00037621956348794815,
                -0.0000731276692836186,
                -0.0012020521489169347,
                0.0029520778991102385,
                0.00030396057958034345,
                0.00037621956348794815,
                0.00009016200719803032
              ],
              "inverse_covariance_input": [],
              "mean": [
                -1.7336713402419066,
                0.49662293509483996,
                -9.268431797211901,
                1.2534131930962238,
                -4.663331959078521,
                -26.92735186020574
              ]
            }
          ],
          "label": "",
          "mixture_coeffs": [
            1
          ],
          "parameters": {
            "absolute_regularization": 0.01,
            "covariance_mode": 0,
            "gaussians": 1,
            "relative_regularization": 0.01
          }
        },
        {
          "components": [
            {
              "bimodal": false,
              "covariance": [
                23.242075673903866,
                6.766249725677371,
                0.9358806757892393,
                -32.3257298216008,
                -111.71854814332762,
                -6.315631080569634,
                6.766249725677371,
                3.196579265916849,
                -0.45308367012587597,
                -7.688470494153517,
                -30.378125533147596,
                -132.08041912715822,
                0.9358806757892393,
                -0.45308367012587597,
                9.060468626938665,
                4.999849154420953,
                -18.587213425500014,
                34.498905643141455,
                -32.3257298216008,
                -7.688470494153517,
                4.999849154420953,
                1270.179890936465,
                147.7676030390734,
                54.73320123678298,
                -111.71854814332762,
                -30.378125533147596,
                -18.587213425500014,
                147.7676030390734,
                1041.2420639560382,
                1050.3738587037362,
                -6.315631080569634,
                -132.08041912715822,
                34.498905643141455,
                54.73320123678298,
                1050.3738587037362,
                25219.921707886326
              ],
              "covariance_determinant": 1178074405742.9998,
              "covariance_determinant_input": 0,
              "covariance_mode": 0,
              "dimension": 6,
              "dimension_input": 0,
              "inverse_covariance": [
                0.4127458763882275,
                -0.8678533796466541,
                -0.018364891704762708,
                0.0027996438926277665,
                0.023697368019398014,
                -0.005409630121526084,
                -0.8678533796466541,
                2.3779783602161824,
                0.08694976679414645,
                -0.004518769023851504,
                -0.03525947937994176,
                0.013595864055111853,
                -0.018364891704762708,
                0.08694976679414644,
                0.12183521929887946,
                -0.0007387903945756148,
                0.002670001200472739,
                0.000174510094692794,
                0.0027996438926277665,
                -0.004518769023851504,
                -0.0007387903945756149,
                0.000827723953469768,
                0.0000645657793413617,
                -0.00002643918267224654,
                0.02369736801939801,
                -0.035259479379941755,
                0.0026700012004727395,
                0.00006456577934136168,
                0.0028151677093534574,
                -0.00029976491003144874,
                -0.005409630121526084,
                0.013595864055111853,
                0.00017451009469279411,
                -0.00002643918267224654,
                -0.0002997649100314488,
                0.00012180347541576332
              ],
              "inverse_covariance_input": [],
              "mean": [
                5.626904114968068,
                -0.898614571119718,
                -9.338576333237889,
                9.14975300397017,
                -8.455011547710482,
                18.779573678500707
              ]
            }
          ],
          "label": "",
          "mixture_coeffs": [
            1
          ],
          "parameters": {
            "absolute_regularization": 0.01,
            "covariance_mode": 0,
            "gaussians": 1,
            "relative_regularization": 0.01
          }
        }
      ],
      "transition": [
        0.9436330795288086,
        0.05636691674590111,
        0.9742496013641357,
        0.02575041353702545,
        1,
        0
      ]
    }
  ],
  "prior": [
    0.3333333333333333,
    0.3333333333333333,
    0.3333333333333333
  ],
  "shared_parameters": {
    "bimodal": false,
    "column_names": [
      "accelGravX",
      "accelGravY",
      "accelGravZ",
      "rotAlpha",
      "rotBeta",
      "rotGamma"
    ],
    "dimension": 6,
    "dimension_input": 0,
    "em_algorithm_max_iterations": 0,
    "em_algorithm_min_iterations": 10,
    "em_algorithm_percent_chg": 0.01,
    "likelihood_window": 1
  },
  "transition": [
    [
      0.3333333333333333,
      0.3333333333333333,
      0.3333333333333333
    ],
    [
      0.3333333333333333,
      0.3333333333333333,
      0.3333333333333333
    ],
    [
      0.3333333333333333,
      0.3333333333333333,
      0.3333333333333333
    ]
  ]
}