{
  "configuration": {
    "default_parameters": {
      "absolute_regularization": 0.01,
      "covariance_mode": 0,
      "gaussians": 1,
      "hierarchical": true,
      "regression_estimator": 0,
      "relative_regularization": 0.01,
      "states": 3,
      "transition_mode": 1
    },
    "multiClass_regression_estimator": 0,
    "multithreading": 0
  },
  "exit_transition": [
    0.1,
    0.1,
    0.1
  ],
  "models": [
    {
      "exitProbabilities": [
        0,
        0,
        0.10000000149011612
      ],
      "label": "branches",
      "parameters": {
        "absolute_regularization": 0.01,
        "covariance_mode": 0,
        "gaussians": 1,
        "hierarchical": true,
        "regression_estimator": 0,
        "relative_regularization": 0.01,
        "states": 3,
        "transition_mode": 1
      },
      "states": [
        {
          "components": [
            {
              "bimodal": false,
              "covariance": [
                0.47972566760329577,
                0.4712597917922446,
                -1.564224468440479,
                -0.17906911451021376,
                0.16556545974831294,
                -0.0020040297013168627,
                0.4712597917922446,
                4.691965610706628,
                -11.637370235841233,
                2.522804089205713,
                -0.1024671399553926,
                0.08892421312513851,
                -1.564224468440479,
                -11.637370235841233,
                34.04927855809144,
                -5.798557621624837,
                -0.06199150488418322,
                -0.050006286109089276,
                -0.17906911451021376,
                2.522804089205713,
                -5.798557621624837,
                1.9740267761376975,
                -0.27140107584072687,
                0.06862994565819358,
                0.16556545974831294,
                -0.1024671399553926,
                -0.06199150488418322,
                -0.27140107584072687,
                0.23583120779942682,
                -0.07614528760746214,
                -0.0020040297013168627,
                0.08892421312513851,
                -0.050006286109089276,
                0.06862994565819358,
                -0.07614528760746214,
                0.05080134402311953
              ],
              "covariance_determinant": 0.0044531210628481815,
              "covariance_determinant_input": 0,
              "covariance_mode": 0,
              "dimension": 6,
              "dimension_input": 0,
              "inverse_covariance": [
                8.841891150296775,
                -2.848200932031771,
                0.2312347294126178,
                4.7956101219716,
                -4.188120691216311,
                -7.194130282228681,
                -2.8482009320317703,
                4.171107925191425,
                0.6317788126665543,
                -3.8353864236059407,
                -1.852237617307804,
                -4.386582005832765,
                0.2312347294126173,
                0.6317788126665551,
                0.23888404977893263,
                -0.08607731592901352,
                -0.3192657388874096,
                -1.2238736901828737,
                4.795610121971598,
                -3.8353864236059385,
                -0.08607731592901223,
                5.8470088761597125,
                2.565760633831935,
                2.764799645454557,
                -4.188120691216315,
                -1.852237617307797,
                -0.31926573888740795,
                2.5657606338319305,
                17.47441335414793,
                25.48862836503922,
                -7.194130282228684,
                -4.386582005832758,
                -1.2238736901828713,
                2.7647996454545547,
                25.488628365039226,
                60.34378955134216
              ],
              "inverse_covariance_input": [],
              "mean": [
                -0.16393234149599323,
                2.6622131925260297,
                5.986972343980271,
                -3.5900660301490652,
                -0.0802702386840774,
                0.1213142957204808
              ]
            }
          ],
          "label": "",
          "mixture_coeffs": [
            1
          ],
          "parameters": {
            "absolute_regularization": 0.01,
            "covariance_mode": 0,
            "gaussians": 1,
            "relative_regularization": 0.01
          }
        },
        {
          "components": [
            {
              "bimodal": false,
              "covariance": [
                0.5521891558275164,
                0.6264383445839298,
                0.16706412979095317,
                -1.9237919805796548,
                -0.04139655337120676,
                0.07791435536374072,
                0.6264383445839298,
                1.869644750812492,
                2.429305299771356,
                -4.360129823517475,
                -0.1378661931569566,
                0.11689946639694371,
                0.16706412979095317,
                2.429305299771356,
                19.828629993195918,
                -6.016080189073467,
                0.364687840782487,
                -0.3052774927454214,
                -1.9237919805796548,
                -4.360129823517475,
                -6.016080189073467,
                11.811243889100803,
                0.35786351121745524,
                -0.3235098473331978,
                -0.04139655337120676,
                -0.1378661931569566,
                0.364687840782487,
                0.35786351121745524,
                0.07068552738331019,
                -0.026739746805805743,
                0.07791435536374072,
                0.11689946639694371,
                -0.3052774927454214,
                -0.3235098473331978,
                -0.026739746805805743,
                0.041827970030833224
              ],
              "covariance_determinant": 0.005773021651906926,
              "covariance_determinant_input": 0,
              "covariance_mode": 0,
              "dimension": 6,
              "dimension_input": 0,
              "inverse_covariance": [
                7.198450944303282,
                1.7397126020111717,
                0.5065086331434068,
                2.236663363722443,
                -6.986905815193292,
                -1.7417513517650522,
                1.7397126020111675,
                4.367712521584951,
                0.019568709458422883,
                1.894613041730778,
                -0.5295663069932619,
                -0.9895879609323388,
                0.5065086331434068,
                0.01956870945842325,
                0.1597145430632141,
                0.2431080389711954,
                -1.2469088887218704,
                1.2506274268190967,
                2.2366633637224416,
                1.8946130417307792,
                0.24310803897119523,
                1.3926481655837033,
                -2.813402962876601,
                1.2855916113885766,
                -6.986905815193292,
                -0.5295663069932662,
                -1.2469088887218702,
                -2.8134029628766024,
                31.00681583647586,
                3.4566320972386264,
                -1.741751351765052,
                -0.9895879609323386,
                1.250627426819097,
                1.2855916113885772,
                3.4566320972386264,
                51.19801785781285
              ],
              "inverse_covariance_input": [],
              "mean": [
                0.6531761322632101,
                0.20086829691626185,
                18.369493095211876,
                0.5168061238752969,
                0.2934058592643705,
                0.12871334110173824
              ]
            }
          ],
          "label": "",
          "mixture_coeffs": [
            1
          ],
          "parameters": {
            "absolute_regularization": 0.01,
            "covariance_mode": 0,
            "gaussians": 1,
            "relative_regularization": 0.01
          }
        },
        {
          "components": [
            {
              "bimodal": false,
              "covariance": [
                0.365437111020421,
                -0.31459466818361576,
                0.7033443353019188,
                0.06014554862472287,
                -0.041309988835108884,
                -0.02423245463076585,
                -0.31459466818361576,
                5.564917825540132,
                -4.862787106970869,
                -2.9958954864506575,
                -0.6064654159991906,
                0.014672712178956531,
                0.7033443353019188,
                -4.862787106970869,
                13.54273704144458,
                2.416341568337261,
                0.3497217785303202,
                -0.20580731259892315,
                0.06014554862472287,
                -2.9958954864506575,
                2.416341568337261,
                1.7581297290521432,
                0.41484495677495437,
                0.012867686806850997,
                -0.041309988835108884,
                -0.6064654159991906,
                0.3497217785303202,
                0.41484495677495437,
                0.223143738757743,
                0.0059618052529686995,
                -0.02423245463076585,
                0.014672712178956531,
                -0.20580731259892315,
                0.012867686806850997,
                0.0059618052529686995,
                0.026446820423579508
              ],
              "covariance_determinant": 0.003857649631737457,
              "covariance_determinant_input": 0,
              "covariance_mode": 0,
              "dimension": 6,
              "dimension_input": 0,
              "inverse_covariance": [
                3.906262349437282,
                1.5101691097961598,
                -0.1066826857981287,
                2.5068567084095927,
                0.3176879723122353,
                0.6198299276025698,
                1.5101691097961603,
                3.664502138339133,
                0.06783832757249467,
                6.61197727262259,
                -2.082904060161531,
                -2.86894378847054,
                -0.10668268579812872,
                0.0678383275724947,
                0.13146352908617936,
                -0.0936767421759803,
                0.10846024622597437,
                0.9087816136726319,
                2.506856708409593,
                6.611977272622588,
                -0.09367674217598038,
                13.364151005176334,
                -6.070828973816743,
                -7.234151894509272,
                0.3176879723122352,
                -2.0829040601615296,
                0.1084602462259745,
                -6.0708289738167425,
                9.915111885524551,
                3.009347870252505,
                0.6198299276025692,
                -2.86894378847054,
                0.908781613672632,
                -7.234151894509272,
                3.0093478702525043,
                49.88481498097679
              ],
              "inverse_covariance_input": [],
              "mean": [
                -0.06078327990143435,
                3.398538547490987,
                3.2592429840834223,
                2.774994894672589,
                0.332272723686627,
                0.18604033466891193
              ]
            }
          ],
          "label": "",
          "mixture_coeffs": [
            1
          ],
          "parameters": {
            "absolute_regularization": 0.01,
            "covariance_mode": 0,
            "gaussians": 1,
            "relative_regularization": 0.01
          }
        }
      ],
      "transition": [
        0.9411758780479431,
        0.05882412940263748,
        0.9344156384468079,
        0.06558442115783691,
        1,
        0
      ]
    },
    {
      "exitProbabilities": [
        0,
        0,
        0.10000000149011612
      ],
      "label": "tempete",
      "parameters": {
        "absolute_regularization": 0.01,
        "covariance_mode": 0,
        "gaussians": 1,
        "hierarchical": true,
        "regression_estimator": 0,
        "relative_regularization": 0.01,
        "states": 3,
        "transition_mode": 1
      },
      "states": [
        {
          "components": [
            {
              "bimodal": false,
              "covariance": [
                28.932471509935635,
                2.5267786049532828,
                -1.5769066179798699,
                11.87973008212627,
                0.5062415378262285,
                1.4945925253142889,
                2.5267786049532828,
                0.6574836360937926,
                -1.9033224683804146,
                0.5971841591778372,
                0.25353784236667837,
                -0.34859586540571413,
                -1.5769066179798699,
                -1.9033224683804146,
                16.709777848977854,
                2.5355020695622157,
                -2.50988294950702,
                4.196748366787529,
                11.87973008212627,
                0.5971841591778372,
                2.5355020695622157,
                6.319630632295319,
                -0.387600264488765,
                1.7799123963919232,
                0.5062415378262285,
                0.25353784236667837,
                -2.50988294950702,
                -0.387600264488765,
                0.4963393868540151,
                -0.6806802449835303,
                1.4945925253142889,
                -0.34859586540571413,
                4.196748366787529,
                1.7799123963919232,
                -0.6806802449835303,
                1.5140201980369676
              ],
              "covariance_determinant": 1.4107656553728223,
              "covariance_determinant_input": 0,
              "covariance_mode": 0,
              "dimension": 6,
              "dimension_input": 0,
              "inverse_covariance": [
                0.5286851059850856,
                -0.9800159008673801,
                -0.23454685256707758,
                -1.039962100355901,
                -1.2875627504205756,
                0.5463326900177979,
                -0.9800159008673803,
                5.3024834481748035,
                0.9105603529848628,
                1.2435270522463047,
                3.654659384656833,
                -0.15452845231184498,
                -0.2345468525670779,
                0.9105603529848632,
                0.5383309165086488,
                0.4840563553597056,
                1.7018070670939343,
                -0.8549828499675618,
                -1.039962100355901,
                1.2435270522463044,
                0.48405635535970504,
                2.516543234098954,
                1.934206676176157,
                -2.117742535041112,
                -1.2875627504205762,
                3.6546593846568336,
                1.7018070670939343,
                1.9342066761761583,
                12.74432882914533,
                0.8509920906796321,
                0.5463326900177987,
                -0.1545284523118454,
                -0.8549828499675616,
                -2.117742535041113,
                0.8509920906796328,
                5.327792093224006
              ],
              "inverse_covariance_input": [],
              "mean": [
                1.6913953301339104,
                1.3615681919749958,
                11.41269493055811,
                1.1267762168086741,
                -0.8083477229974874,
                1.4592803763735078
              ]
            }
          ],
          "label": "",
          "mixture_coeffs": [
            1
          ],
          "parameters": {
            "absolute_regularization": 0.01,
            "covariance_mode": 0,
            "gaussians": 1,
            "relative_regularization": 0.01
          }
        },
        {
          "components": [
            {
              "bimodal": false,
              "covariance": [
                37.85146403988127,
                3.5820101213541293,
                -6.003512879875154,
                16.492324372867586,
                3.345239571063821,
                0.5688774572949884,
                3.5820101213541293,
                0.984633221512246,
                -2.9379543999086444,
                1.384466146418276,
                0.10038841601598873,
                -0.41523188245760456,
                -6.003512879875154,
                -2.9379543999086444,
                12.859750362635246,
                -2.2233760460803285,
                0.4829429984874823,
                2.3625511916041577,
                16.492324372867586,
                1.384466146418276,
                -2.2233760460803285,
                7.7101744367406235,
                1.5264575823926452,
                0.3872277543817421,
                3.345239571063821,
                0.10038841601598873,
                0.4829429984874823,
                1.5264575823926452,
                0.4874516008812786,
                0.24917638495601777,
                0.5688774572949884,
                -0.41523188245760456,
                2.3625511916041577,
                0.3872277543817421,
                0.24917638495601777,
                0.6313076173618386
              ],
              "covariance_determinant": 0.37974332560020096,
              "covariance_determinant_input": 0,
              "covariance_mode": 0,
              "dimension": 6,
              "dimension_input": 0,
              "inverse_covariance": [
                0.6141899709094105,
                -1.030160688229786,
                -0.13879867425605807,
                -1.0332397293926738,
                -0.7390707374805511,
                0.21387775710575643,
                -1.0301606882297878,
                6.814983147805709,
                1.6621651809654239,
                1.4999025772942276,
                0.258801300811919,
                -1.8317661662549316,
                -0.1387986742560586,
                1.6621651809654245,
                0.9761273010982008,
                0.5997600980768587,
                -1.0052587590161344,
                -2.4057436899118176,
                -1.0332397293926738,
                1.4999025772942245,
                0.5997600980768578,
                2.473277620281626,
                -0.7701738451615063,
                -1.539950336864361,
                -0.7390707374805509,
                0.2588013008119171,
                -1.0052587590161353,
                -0.7701738451615069,
                9.879244566706824,
                1.1712780476320561,
                0.2138777571057572,
                -1.8317661662549318,
                -2.405743689911817,
                -1.5399503368643621,
                1.1712780476320537,
                9.671784699599714
              ],
              "inverse_covariance_input": [],
              "mean": [
                1.2115823942835704,
                1.7490791750309664,
                3.3076600860404954,
                -0.7406152176235236,
                -1.32966342760799,
                -1.9596303478354877
              ]
            }
          ],
          "label": "",
          "mixture_coeffs": [
            1
          ],
          "parameters": {
            "absolute_regularization": 0.01,
            "covariance_mode": 0,
            "gaussians": 1,
            "relative_regularization": 0.01
          }
        },
        {
          "components": [
            {
              "bimodal": false,
              "covariance": [
                4.257061014112492,
                0.3135510573117142,
                -0.6494956651471169,
                2.2119587663430242,
                0.9412923494509552,
                0.9643847522791436,
                0.3135510573117142,
                0.6718963139035368,
                -0.6208503495597707,
                0.1628431740849496,
                0.020683806188953054,
                -0.18228534145372272,
                -0.6494956651471169,
                -0.6208503495597707,
                5.204921553682443,
                -1.1157269999867032,
                -0.48448681960709783,
                -0.19140836288768984,
                2.2119587663430242,
                0.1628431740849496,
                -1.1157269999867032,
                1.5529946966266546,
                0.6419030352558315,
                0.5175791621655903,
                0.9412923494509552,
                0.020683806188953054,
                -0.48448681960709783,
                0.6419030352558315,
                0.34898120688914624,
                0.2588438503568179,
                0.9643847522791436,
                -0.18228534145372272,
                -0.19140836288768984,
                0.5175791621655903,
                0.2588438503568179,
                0.38359972661959396
              ],
              "covariance_determinant": 0.011977056005445115,
              "covariance_determinant_input": 0,
              "covariance_mode": 0,
              "dimension": 6,
              "dimension_input": 0,
              "inverse_covariance": [
                3.13621974622441,
                -3.3125072507495843,
                -0.77930764485218,
                -2.682890753967153,
                0.4186580635149082,
                -6.510089976713933,
                -3.3125072507495843,
                6.213762309252103,
                1.0162304181909472,
                1.7201624443103234,
                -0.4170367973913802,
                9.748055547298467,
                -0.7793076448521798,
                1.016230418190947,
                0.4456075093322425,
                0.7585419883558261,
                0.09612731782453154,
                1.5761268552365717,
                -2.682890753967153,
                1.7201624443103238,
                0.7585419883558262,
                5.626999050568229,
                -4.846721156875744,
                3.618921050418029,
                0.4186580635149092,
                -0.41703679739138155,
                0.09612731782453138,
                -4.846721156875744,
                13.715303012846334,
                -3.917957798416799,
                -6.5100899767139335,
                9.748055547298469,
                1.576126855236572,
                3.6189210504180287,
                -3.9179577984167975,
                22.15305061937026
              ],
              "inverse_covariance_input": [],
              "mean": [
                -2.0997896826123297,
                -0.7856017499215486,
                12.840514975876765,
                -0.7578610978190665,
                0.18883208276217922,
                1.6064388272688859
              ]
            }
          ],
          "label": "",
          "mixture_coeffs": [
            1
          ],
          "parameters": {
            "absolute_regularization": 0.01,
            "covariance_mode": 0,
            "gaussians": 1,
            "relative_regularization": 0.01
          }
        }
      ],
      "transition": [
        0.9655435085296631,
        0.03445649892091751,
        0.9696802496910095,
        0.030319780111312866,
        1,
        0
      ]
    },
    {
      "exitProbabilities": [
        0,
        0,
        0.10000000149011612
      ],
      "label": "vent",
      "parameters": {
        "absolute_regularization": 0.01,
        "covariance_mode": 0,
        "gaussians": 1,
        "hierarchical": true,
        "regression_estimator": 0,
        "relative_regularization": 0.01,
        "states": 3,
        "transition_mode": 1
      },
      "states": [
        {
          "components": [
            {
              "bimodal": false,
              "covariance": [
                8.814493631912454,
                4.595148662056714,
                1.8213969815973043,
                -0.25833181599906524,
                0.6735632365180985,
                2.171749521042313,
                4.595148662056714,
                3.8260315168589365,
                1.1435908794568692,
                -0.38622128422176155,
                0.27949643030512866,
                2.6944968616564218,
                1.8213969815973043,
                1.1435908794568692,
                2.9758211086195128,
                -0.08914136535460813,
                0.03869703959073458,
                0.8682154216253574,
                -0.25833181599906524,
                -0.38622128422176155,
                -0.08914136535460813,
                0.18319648049631745,
                0.06402286930095649,
                -0.46849008783886803,
                0.6735632365180985,
                0.27949643030512866,
                0.03869703959073458,
                0.06402286930095649,
                0.13679820872499315,
                0.020279455914318244,
                2.171749521042313,
                2.6944968616564218,
                0.8682154216253574,
                -0.46849008783886803,
                0.020279455914318244,
                2.730137921577002
              ],
              "covariance_determinant": 0.0581959569317775,
              "covariance_determinant_input": 0,
              "covariance_mode": 0,
              "dimension": 6,
              "dimension_input": 0,
              "inverse_covariance": [
                0.7236025820082969,
                -1.1130324877458433,
                -0.19316044871966132,
                1.4805735825528683,
                -2.053614201239436,
                0.85364335356829,
                -1.1130324877458442,
                3.351527082448591,
                0.1381313427937645,
                -0.9487864552565863,
                -0.5731978234443542,
                -2.624868160837958,
                -0.1931604487196612,
                0.1381313427937641,
                0.44230674639078205,
                -0.7613607661199903,
                0.9387485831801528,
                -0.2609550136795585,
                1.480573582552867,
                -0.9487864552565823,
                -0.7613607661199903,
                18.653315066781936,
                -14.356507194400763,
                3.3083045414415375,
                -2.0536142012394336,
                -0.5731978234443607,
                0.9387485831801526,
                -14.35650719440076,
                25.157248111368087,
                -0.7496607431471448,
                0.8536433535682905,
                -2.6248681608379574,
                -0.26095501367955876,
                3.3083045414415406,
                -0.7496607431471495,
                2.93409178287808
              ],
              "inverse_covariance_input": [],
              "mean": [
                -0.32700139146598833,
                0.49823953505991475,
                9.496022312141347,
                0.2260030188987261,
                0.12174982797865117,
                -2.2793760890199866
              ]
            }
          ],
          "label": "",
          "mixture_coeffs": [
            1
          ],
          "parameters": {
            "absolute_regularization": 0.01,
            "covariance_mode": 0,
            "gaussians": 1,
            "relative_regularization": 0.01
          }
        },
        {
          "components": [
            {
              "bimodal": false,
              "covariance": [
                18.60261828269675,
                -0.0820218268153925,
                0.30694509686845073,
                0.05012930666339132,
                1.255746732609415,
                6.813624037279184,
                -0.0820218268153925,
                1.2179900675417628,
                -0.4494820425093657,
                -0.06193165440496461,
                0.09120643324129858,
                0.03720363461767661,
                0.30694509686845073,
                -0.4494820425093657,
                3.5782527177679846,
                0.1571086025866785,
                -0.20297953242112302,
                -0.33579693953678397,
                0.05012930666339132,
                -0.06193165440496461,
                0.1571086025866785,
                0.40164682647392047,
                0.13328252084229608,
                -0.42863692142530296,
                1.255746732609415,
                0.09120643324129858,
                -0.20297953242112302,
                0.13328252084229608,
                0.21522145005130447,
                0.43732837929633445,
                6.813624037279184,
                0.03720363461767661,
                -0.33579693953678397,
                -0.42863692142530296,
                0.43732837929633445,
                4.32717500000256
              ],
              "covariance_determinant": 2.1045015929130075,
              "covariance_determinant_input": 0,
              "covariance_mode": 0,
              "dimension": 6,
              "dimension_input": 0,
              "inverse_covariance": [
                0.1870556279110055,
                0.04825709337191019,
                -0.07352939678927856,
                0.017120262314471058,
                -0.7353220078475204,
                -0.22464944214971597,
                0.048257093371910205,
                0.9702980364315942,
                0.01742163285548712,
                0.7476812997643343,
                -1.4110098483718976,
                0.1336909846970465,
                -0.07352939678927858,
                0.01742163285548712,
                0.37732436624502186,
                -0.564150293885968,
                1.19043386324578,
                -0.031283290488720444,
                0.017120262314471335,
                0.7476812997643344,
                -0.564150293885968,
                7.22207925018522,
                -8.45442009258771,
                1.4926829208950148,
                -0.7353220078475208,
                -1.4110098483718976,
                1.1904338632457798,
                -8.454420092587707,
                18.91396347346686,
                -1.4866611916991175,
                -0.22464944214971588,
                0.13369098469704654,
                -0.03128329048872047,
                1.4926829208950152,
                -1.4866611916991184,
                0.8793673370373082
              ],
              "inverse_covariance_input": [],
              "mean": [
                -2.7640692479480937,
                -1.1622712707753253,
                9.413235049758484,
                0.296925623302666,
                0.26237334243446464,
                3.2613711628008057
              ]
            }
          ],
          "label": "",
          "mixture_coeffs": [
            1
          ],
          "parameters": {
            "absolute_regularization": 0.01,
            "covariance_mode": 0,
            "gaussians": 1,
            "relative_regularization": 0.01
          }
        },
        {
          "components": [
            {
              "bimodal": false,
              "covariance": [
                11.738714930045024,
                -0.17478950900054302,
                2.022111896095343,
                0.5852933133606313,
                1.0097335436650534,
                4.8738162038264194,
                -0.17478950900054302,
                0.7395716700769907,
                0.01788114424172034,
                -0.05114384787658383,
                -0.0529669744722135,
                -0.11999383805748892,
                2.022111896095343,
                0.01788114424172034,
                7.681351066188411,
                -0.15027904479911114,
                -0.159865847004659,
                0.5773685916318683,
                0.5852933133606313,
                -0.05114384787658383,
                -0.15027904479911114,
                0.12887378093857602,
                0.02553483381275391,
                0.06181584415778225,
                1.0097335436650534,
                -0.0529669744722135,
                -0.159865847004659,
                0.02553483381275391,
                0.2715725078315016,
                0.9078418366536466,
                4.8738162038264194,
                -0.11999383805748892,
                0.5773685916318683,
                0.06181584415778225,
                0.9078418366536466,
                3.871333605363355
              ],
              "covariance_determinant": 0.3449021110197556,
              "covariance_determinant_input": 0,
              "covariance_mode": 0,
              "dimension": 6,
              "dimension_input": 0,
              "inverse_covariance": [
                0.35286870864544817,
                -0.06528684445291434,
                -0.06375660550860475,
                -1.5694179183134347,
                0.7477594830453737,
                -0.5870516127537957,
                -0.06528684445291433,
                1.426640762085291,
                0.04137719224653852,
                0.8157968052386269,
                0.5101618052898831,
                -0.012419779237114747,
                -0.06375660550860471,
                0.04137719224653851,
                0.17814948616857532,
                0.4317232646468271,
                0.6879682998052568,
                -0.11324487124762282,
                -1.5694179183134345,
                0.8157968052386271,
                0.43172326464682736,
                15.23713186410729,
                -3.911214454238936,
                2.6106118956684616,
                0.747759483045374,
                0.5101618052898828,
                0.6879682998052565,
                -3.911214454238941,
                23.152044518829257,
                -6.394968612656331,
                -0.5870516127537958,
                -0.012419779237114608,
                -0.11324487124762267,
                2.6106118956684625,
                -6.39496861265633,
                2.4718402611609247
              ],
              "inverse_covariance_input": [],
              "mean": [
                2.5030931558387763,
                2.11561079916936,
                9.47180089746981,
                0.10798304702034882,
                -0.07457925402727582,
                -1.1031434901439399
              ]
            }
          ],
          "label": "",
          "mixture_coeffs": [
            1
          ],
          "parameters": {
            "absolute_regularization": 0.01,
            "covariance_mode": 0,
            "gaussians": 1,
            "relative_regularization": 0.01
          }
        }
      ],
      "transition": [
        0.9710606336593628,
        0.02893935702741146,
        0.9699365496635437,
        0.030063491314649582,
        1,
        0
      ]
    }
  ],
  "prior": [
    0.3333333333333333,
    0.3333333333333333,
    0.3333333333333333
  ],
  "shared_parameters": {
    "bimodal": false,
    "column_names": [
      "accelGravX",
      "accelGravY",
      "accelGravZ",
      "rotAlpha",
      "rotBeta",
      "rotGamma"
    ],
    "dimension": 6,
    "dimension_input": 0,
    "em_algorithm_max_iterations": 0,
    "em_algorithm_min_iterations": 10,
    "em_algorithm_percent_chg": 0.01,
    "likelihood_window": 1
  },
  "transition": [
    [
      0.3333333333333333,
      0.3333333333333333,
      0.3333333333333333
    ],
    [
      0.3333333333333333,
      0.3333333333333333,
      0.3333333333333333
    ],
    [
      0.3333333333333333,
      0.3333333333333333,
      0.3333333333333333
    ]
  ]
}