{
  "configuration": {
    "default_parameters": {
      "absolute_regularization": 0.01,
      "covariance_mode": 0,
      "gaussians": 1,
      "relative_regularization": 0.01
    },
    "multiClass_regression_estimator": 0,
    "multithreading": 2
  },
  "models": [
    {
      "components": [
        {
          "bimodal": false,
          "covariance": [
            43.551571355888626,
            9.858164286430323,
            -21.769439191283087,
            -4.849363482834556,
            -341.9693833127383,
            -189.70277064654007,
            9.858164286430323,
            25.337854908484037,
            4.997159354985207,
            314.157678774967,
            -246.33144384548825,
            385.3656481389629,
            -21.769439191283087,
            4.997159354985207,
            23.093377889449197,
            122.6432055275019,
            134.0024113911803,
            217.1267030040185,
            -4.849363482834556,
            314.157678774967,
            122.6432055275019,
            7159.148993599748,
            -4675.478176855033,
            7022.115250935056,
            -341.9693833127383,
            -246.33144384548825,
            134.0024113911803,
            -4675.478176855033,
            7293.740764340997,
            -2914.1936470493033,
            -189.70277064654007,
            385.3656481389629,
            217.1267030040185,
            7022.115250935056,
            -2914.1936470493033,
            11434.172400814277
          ],
          "covariance_determinant": 51815532837870.6,
          "covariance_determinant_input": 0,
          "covariance_mode": 0,
          "dimension": 6,
          "dimension_input": 0,
          "inverse_covariance": [
            0.20128835092270808,
            -0.1954185366472755,
            0.10832312417846744,
            0.004222441739937383,
            0.006303952129786257,
            0.006882279542550291,
            -0.19541853664727557,
            0.30447741234481274,
            -0.12094889425581282,
            -0.004262882424859749,
            -0.003141361025573681,
            -0.00938987251893157,
            0.10832312417846743,
            -0.12094889425581276,
            0.15905904122902365,
            -0.0022552284371629263,
            -0.0018711962984318496,
            0.0037612014873851123,
            0.004222441739937383,
            -0.004262882424859747,
            -0.0022552284371629263,
            0.0009335382769860594,
            0.0006316108130850765,
            -0.00015578998026042785,
            0.006303952129786258,
            -0.003141361025573679,
            -0.0018711962984318496,
            0.0006316108130850766,
            0.000789534323825852,
            0.000059326417275838036,
            0.006882279542550294,
            -0.009389872518931568,
            0.0037612014873851136,
            -0.0001557899802604279,
            0.00005932641727583804,
            0.000557480521519815
          ],
          "inverse_covariance_input": [],
          "mean": [
            -0.290450174998492,
            -7.260043048560619,
            2.5109824286140503,
            32.36027454265952,
            2.887527869462967,
            -13.15093665549159
          ]
        }
      ],
      "label": "branches",
      "mixture_coeffs": [
        1
      ],
      "parameters": {
        "absolute_regularization": 0.01,
        "covariance_mode": 0,
        "gaussians": 1,
        "relative_regularization": 0.01
      }
    },
    {
      "components": [
        {
          "bimodal": false,
          "covariance": [
            12.753857395988419,
            -0.05477869021304046,
            -12.559211382076965,
            9.074842229592129,
            -142.54323580692537,
            6.207329677702797,
            -0.05477869021304046,
            17.07894461802068,
            30.902527958204743,
            165.5218272727644,
            285.78159394766584,
            -105.89701245422789,
            -12.559211382076965,
            30.902527958204743,
            185.56495144500056,
            -241.72733049216572,
            1431.7958575511093,
            -209.83009480464912,
            9.074842229592129,
            165.5218272727644,
            -241.72733049216572,
            30164.445437044928,
            -29652.991256187488,
            747.0928563239107,
            -142.54323580692537,
            285.78159394766584,
            1431.7958575511093,
            -29652.991256187488,
            57345.31678274991,
            -461.688861526773,
            6.207329677702797,
            -105.89701245422789,
            -209.83009480464912,
            747.0928563239107,
            -461.688861526773,
            5824.4018511408885
          ],
          "covariance_determinant": 40281596599340060,
          "covariance_determinant_input": 0,
          "covariance_mode": 0,
          "dimension": 6,
          "dimension_input": 0,
          "inverse_covariance": [
            0.09404565520023052,
            -0.04038536918666584,
            0.007834257847533223,
            0.0010209162155974546,
            0.000762321971617036,
            -0.0006227871985026635,
            -0.04038536918666583,
            0.18027187850686927,
            -0.015076590926960816,
            -0.0035815449512068397,
            -0.0024498455825889406,
            0.00304273242870211,
            0.007834257847533221,
            -0.015076590926960813,
            0.009491002297531081,
            0.00003196503205039975,
            -0.0001254683171061473,
            0.00004541135530533623,
            0.0010209162155974546,
            -0.0035815449512068397,
            0.000031965032050400016,
            0.00014908334617574486,
            0.00009606217482761834,
            -0.000076562903163481,
            0.0007623219716170361,
            -0.0024498455825889415,
            -0.00012546831710614714,
            0.00009606217482761837,
            0.00008390075786843089,
            -0.000055545902962357166,
            -0.0006227871985026634,
            0.00304273242870211,
            0.00004541135530533608,
            -0.000076562903163481,
            -0.00005554590296235715,
            0.0002347306206885644
          ],
          "inverse_covariance_input": [],
          "mean": [
            -1.2293120225818845,
            0.4968984382773895,
            -3.7260998489864923,
            8.705987366480292,
            -4.288496527239817,
            -52.97299314543195
          ]
        }
      ],
      "label": "gadoue",
      "mixture_coeffs": [
        1
      ],
      "parameters": {
        "absolute_regularization": 0.01,
        "covariance_mode": 0,
        "gaussians": 1,
        "relative_regularization": 0.01
      }
    },
    {
      "components": [
        {
          "bimodal": false,
          "covariance": [
            2.990787958906748,
            3.784255968656836,
            -3.804629643449845,
            -0.4954680359744217,
            9.5146617687736,
            23.612099294878423,
            3.784255968656836,
            19.138701949105297,
            3.6342727406749677,
            -401.2515714970583,
            40.69499580213678,
            -35.914576578626985,
            -3.804629643449845,
            3.6342727406749677,
            31.55598881309172,
            -580.8609521690496,
            23.862912050357426,
            -172.71552476404975,
            -0.4954680359744217,
            -401.2515714970583,
            -580.8609521690496,
            17739.51624591005,
            -1468.6443787238904,
            3572.249937015259,
            9.5146617687736,
            40.69499580213678,
            23.862912050357426,
            -1468.6443787238904,
            1183.3803240791522,
            -219.77220986123334,
            23.612099294878423,
            -35.914576578626985,
            -172.71552476404975,
            3572.249937015259,
            -219.77220986123334,
            1691.2493708245363
          ],
          "covariance_determinant": 658636821569.1307,
          "covariance_determinant_input": 0,
          "covariance_mode": 0,
          "dimension": 6,
          "dimension_input": 0,
          "inverse_covariance": [
            0.6772207092557163,
            -0.2173825310510443,
            0.00883717848699275,
            -0.0037900356781826075,
            -0.003904502048849299,
            -0.005670738311229714,
            -0.21738253105104444,
            0.4356574007458819,
            0.2769313567909014,
            0.019207757484419795,
            0.0051432517313213695,
            0.000665240120939256,
            0.008837178486992638,
            0.2769313567909016,
            0.32558404219275466,
            0.016278284548784085,
            0.005022486153454,
            0.005276766908224393,
            -0.0037900356781826157,
            0.019207757484419802,
            0.01627828454878408,
            0.001072423411405019,
            0.00035482489981126494,
            -0.00009587124190731938,
            -0.003904502048849301,
            0.005143251731321371,
            0.005022486153453998,
            0.0003548248998112649,
            0.001050467686122636,
            0.00006368836581940732,
            -0.00567073831122971,
            0.0006652401209392571,
            0.005276766908224391,
            -0.00009587124190731935,
            0.00006368836581940734,
            0.001434231067024271
          ],
          "inverse_covariance_input": [],
          "mean": [
            -9.934906736690195,
            0.43575221156448724,
            -0.4551547469206192,
            -5.700134623440067,
            -5.526419017744724,
            4.050471465416889
          ]
        }
      ],
      "label": "nage",
      "mixture_coeffs": [
        1
      ],
      "parameters": {
        "absolute_regularization": 0.01,
        "covariance_mode": 0,
        "gaussians": 1,
        "relative_regularization": 0.01
      }
    },
    {
      "components": [
        {
          "bimodal": false,
          "covariance": [
            51.414736068429065,
            -2.351323901140323,
            -3.363031115274116,
            174.7739080163262,
            122.09989626791946,
            197.86707244293677,
            -2.351323901140323,
            15.157191173919731,
            -18.896500541948626,
            -72.80196822391775,
            -104.36977362181325,
            -198.42501417920377,
            -3.363031115274116,
            -18.896500541948626,
            39.868414321818605,
            12.70770909528952,
            42.325889327317014,
            165.1112210594465,
            174.7739080163262,
            -72.80196822391775,
            12.70770909528952,
            6178.812404022355,
            3373.0249044232437,
            2849.1890789604936,
            122.09989626791946,
            -104.36977362181325,
            42.325889327317014,
            3373.0249044232437,
            5776.2128900137495,
            5096.020361770797,
            197.86707244293677,
            -198.42501417920377,
            165.1112210594465,
            2849.1890789604936,
            5096.020361770797,
            9977.569308415685
          ],
          "covariance_determinant": 940222530266669.8,
          "covariance_determinant_input": 0,
          "covariance_mode": 0,
          "dimension": 6,
          "dimension_input": 0,
          "inverse_covariance": [
            0.02294974093880115,
            0.0034565292108325483,
            0.005331699626157458,
            -0.000552689848474575,
            0.00025571851165045144,
            -0.0004473923813260202,
            0.0034565292108325466,
            0.22617811025863271,
            0.09760549721724701,
            0.0008930096572191795,
            0.0009449121398945656,
            0.002076663472180635,
            0.005331699626157459,
            0.09760549721724701,
            0.07011677559788476,
            0.0003492848644228158,
            0.000774678314730004,
            0.00017964123276515545,
            -0.0005526898484745749,
            0.0008930096572191792,
            0.00034928486442281555,
            0.00025540449794298907,
            -0.00014521055697016744,
            0.000024172618307357874,
            0.0002557185116504514,
            0.0009449121398945664,
            0.0007746783147300044,
            -0.00014521055697016744,
            0.0004123307053759105,
            -0.00016822990013012665,
            -0.0004473923813260202,
            0.0020766634721806343,
            0.00017964123276515507,
            0.000024172618307357867,
            -0.00016822990013012665,
            0.00022644353378428178
          ],
          "inverse_covariance_input": [],
          "mean": [
            -1.5434210924647507,
            -6.706889414395928,
            -4.045687992601875,
            -2.236844607116131,
            -2.6451221282148847,
            -1.448701117731882
          ]
        }
      ],
      "label": "tempete",
      "mixture_coeffs": [
        1
      ],
      "parameters": {
        "absolute_regularization": 0.01,
        "covariance_mode": 0,
        "gaussians": 1,
        "relative_regularization": 0.01
      }
    },
    {
      "components": [
        {
          "bimodal": false,
          "covariance": [
            20.039551448601607,
            0.11620917451621385,
            -13.523364011618408,
            8.052430211761058,
            -26.610139365278354,
            27.755280355226226,
            0.11620917451621385,
            4.966150830491098,
            8.656795133065454,
            3.962338987993845,
            311.5521510560297,
            -84.20763219293117,
            -13.523364011618408,
            8.656795133065454,
            95.00096083795893,
            206.73357526735026,
            1843.8004417425038,
            -177.85814869078087,
            8.052430211761058,
            3.962338987993845,
            206.73357526735026,
            6290.313091604849,
            -4272.226866966925,
            -185.88622259296008,
            -26.610139365278354,
            311.5521510560297,
            1843.8004417425038,
            -4272.226866966925,
            88098.14529746707,
            -1631.224641088995,
            27.755280355226226,
            -84.20763219293117,
            -177.85814869078087,
            -185.88622259296008,
            -1631.224641088995,
            3549.888398723358
          ],
          "covariance_determinant": 2206635597591246.5,
          "covariance_determinant_input": 0,
          "covariance_mode": 0,
          "dimension": 6,
          "dimension_input": 0,
          "inverse_covariance": [
            0.06359855261726487,
            -0.007635459802495205,
            0.020674168542238445,
            -0.0010487815928519957,
            -0.00043543888437265157,
            0.00010244181409365255,
            -0.007635459802495205,
            0.49815217424411506,
            0.02010554045749029,
            -0.002016698259933784,
            -0.0020635235304458403,
            0.011829985066470565,
            0.02067416854223844,
            0.020105540457490276,
            0.03468878423285817,
            -0.0017061254020465848,
            -0.0008444134223451273,
            0.0015759178147215563,
            -0.0010487815928519957,
            -0.0020166982599337836,
            -0.0017061254020465846,
            0.00025112171354066317,
            0.00005307876239165376,
            -0.00008757937625780826,
            -0.00043543888437265157,
            -0.0020635235304458403,
            -0.0008444134223451274,
            0.00005307876239165376,
            0.00003750753947828801,
            -0.00006783725285841984,
            0.00010244181409365283,
            0.011829985066470565,
            0.001575917814721557,
            -0.00008757937625780829,
            -0.00006783725285841985,
            0.0006047187167816626
          ],
          "inverse_covariance_input": [],
          "mean": [
            -4.812313804097072,
            -0.026530588337895917,
            -3.4317536060789635,
            5.914402557062168,
            -12.054677810300799,
            -108.92637388875671
          ]
        }
      ],
      "label": "vent",
      "mixture_coeffs": [
        1
      ],
      "parameters": {
        "absolute_regularization": 0.01,
        "covariance_mode": 0,
        "gaussians": 1,
        "relative_regularization": 0.01
      }
    }
  ],
  "shared_parameters": {
    "bimodal": false,
    "column_names": [
      "accelGravX",
      "accelGravY",
      "accelGravZ",
      "rotAlpha",
      "rotBeta",
      "rotGamma"
    ],
    "dimension": 6,
    "dimension_input": 0,
    "em_algorithm_max_iterations": 0,
    "em_algorithm_min_iterations": 10,
    "em_algorithm_percent_chg": 0.01,
    "likelihood_window": 1
  }
}