{
  "configuration": {
    "default_parameters": {
      "absolute_regularization": 0.01,
      "covariance_mode": 0,
      "gaussians": 1,
      "hierarchical": true,
      "regression_estimator": 0,
      "relative_regularization": 0.01,
      "states": 3,
      "transition_mode": 1
    },
    "multiClass_regression_estimator": 0,
    "multithreading": 0
  },
  "exit_transition": [
    0.1,
    0.1
  ],
  "models": [
    {
      "exitProbabilities": [
        0,
        0,
        0.10000000149011612
      ],
      "label": "nage",
      "parameters": {
        "absolute_regularization": 0.01,
        "covariance_mode": 0,
        "gaussians": 1,
        "hierarchical": true,
        "regression_estimator": 0,
        "relative_regularization": 0.01,
        "states": 3,
        "transition_mode": 1
      },
      "states": [
        {
          "components": [
            {
              "bimodal": false,
              "covariance": [
                3.4479427830090525,
                1.392849786069428,
                -4.972348408151206,
                22.999928717061437,
                -13.599562186726304,
                10.280409942786974,
                1.392849786069428,
                2.3513164849729273,
                -2.395050236570373,
                -14.870887844918153,
                8.235410601281801,
                -2.928266512576539,
                -4.972348408151206,
                -2.395050236570373,
                9.830989168914117,
                -45.00179270873113,
                15.294021283518852,
                -24.675425727053693,
                22.999928717061437,
                -14.870887844918153,
                -45.00179270873113,
                782.921580441344,
                -436.8438648375806,
                381.7975147785196,
                -13.599562186726304,
                8.235410601281801,
                15.294021283518852,
                -436.8438648375806,
                508.47504262819433,
                -182.04730356251213,
                10.280409942786974,
                -2.928266512576539,
                -24.675425727053693,
                381.7975147785196,
                -182.04730356251213,
                280.4314091141706
              ],
              "covariance_determinant": 35456032.6050439,
              "covariance_determinant_input": 0,
              "covariance_mode": 0,
              "dimension": 6,
              "dimension_input": 0,
              "inverse_covariance": [
                1.4135641624232547,
                -0.5731046680112746,
                0.49622234995606024,
                -0.03864587654593603,
                0.01659294004201347,
                0.04924510817416759,
                -0.5731046680112745,
                2.8004085430408057,
                0.9892121566031171,
                0.21421269467085047,
                0.049944209209890816,
                -0.12192764486747702,
                0.4962223499560604,
                0.9892121566031169,
                0.8719185043050417,
                0.08846561323835311,
                0.037206897457739925,
                -0.027430122757058386,
                -0.038645876545936,
                0.21421269467085044,
                0.08846561323835311,
                0.022919193524872074,
                0.007099944196174964,
                -0.015156902227419304,
                0.01659294004201349,
                0.04994420920989079,
                0.037206897457739925,
                0.007099944196174962,
                0.005553085010987808,
                -0.0028743325675151337,
                0.049245108174167565,
                -0.12192764486747691,
                -0.027430122757058348,
                -0.015156902227419295,
                -0.0028743325675151324,
                0.016843536277645593
              ],
              "inverse_covariance_input": [],
              "mean": [
                -9.957607203427479,
                -2.632955740282937,
                -1.1659338797427083,
                22.780672393512763,
                -21.664898342022955,
                17.417162707516702
              ]
            }
          ],
          "label": "",
          "mixture_coeffs": [
            1
          ],
          "parameters": {
            "absolute_regularization": 0.01,
            "covariance_mode": 0,
            "gaussians": 1,
            "relative_regularization": 0.01
          }
        },
        {
          "components": [
            {
              "bimodal": false,
              "covariance": [
                5.086935882666937,
                0.7822505582252276,
                -12.661165775555045,
                141.48843879483897,
                2.525491853428003,
                37.13727999376721,
                0.7822505582252276,
                19.28705243999786,
                -4.698472709003727,
                -356.2242142276941,
                95.66789083818118,
                -68.08930367145031,
                -12.661165775555045,
                -4.698472709003727,
                79.1065875147148,
                -941.9182832846257,
                -83.05417141107958,
                -242.5326262409961,
                141.48843879483897,
                -356.2242142276941,
                -941.9182832846257,
                20996.786959918674,
                -1226.6253743311695,
                4852.7543200005775,
                2.525491853428003,
                95.66789083818118,
                -83.05417141107958,
                -1226.6253743311695,
                1328.4356046520047,
                71.0896037100016,
                37.13727999376721,
                -68.08930367145031,
                -242.5326262409961,
                4852.7543200005775,
                71.0896037100016,
                1587.5045376975074
              ],
              "covariance_determinant": 881419020148.1051,
              "covariance_determinant_input": 0,
              "covariance_mode": 0,
              "dimension": 6,
              "dimension_input": 0,
              "inverse_covariance": [
                0.3765888572607856,
                0.09776770318509567,
                0.14870990372164564,
                0.007538120480896585,
                0.008786482399890739,
                -0.0053334158011220986,
                0.09776770318509542,
                0.6402063303611218,
                0.393159975817596,
                0.02895519986278324,
                0.005213669696899143,
                -0.0035077762994029965,
                0.14870990372164544,
                0.39315997581759604,
                0.31049661214099616,
                0.021424009677625595,
                0.01087405323887694,
                -0.005156282090470205,
                0.007538120480896573,
                0.028955199862783245,
                0.0214240096776256,
                0.0017294177497652167,
                0.0008896177273833036,
                -0.0009877556590171244,
                0.008786482399890735,
                0.005213669696899159,
                0.010874053238876953,
                0.0008896177273833043,
                0.0019221469469225191,
                -0.0011261316864841578,
                -0.005333415801122098,
                -0.003507776299403003,
                -0.005156282090470213,
                -0.0009877556590171246,
                -0.0011261316864841575,
                0.0028863235103505753
              ],
              "inverse_covariance_input": [],
              "mean": [
                -8.84194906303351,
                5.704356928763025,
                0.8166980353840908,
                -147.56162642802556,
                31.22135162678975,
                -11.667877655882204
              ]
            }
          ],
          "label": "",
          "mixture_coeffs": [
            1
          ],
          "parameters": {
            "absolute_regularization": 0.01,
            "covariance_mode": 0,
            "gaussians": 1,
            "relative_regularization": 0.01
          }
        },
        {
          "components": [
            {
              "bimodal": false,
              "covariance": [
                1.1137951866676328,
                0.10480547307081041,
                -0.08454019538364625,
                13.017653656521036,
                0.5459560418730885,
                3.3117893487058954,
                0.10480547307081041,
                0.578680538556408,
                -0.4600284873660805,
                1.4621161697306502,
                4.153047143510168,
                1.0089202873422822,
                -0.08454019538364625,
                -0.4600284873660805,
                3.8010430987634014,
                -29.635725301574006,
                -23.632377185884497,
                -5.74916332294932,
                13.017653656521036,
                1.4621161697306502,
                -29.635725301574006,
                1034.8836319489112,
                258.6363527230558,
                413.37297470917343,
                0.5459560418730885,
                4.153047143510168,
                -23.632377185884497,
                258.6363527230558,
                661.6198964301841,
                250.31699380665808,
                3.3117893487058954,
                1.0089202873422822,
                -5.74916332294932,
                413.37297470917343,
                250.31699380665808,
                477.685813276557
              ],
              "covariance_determinant": 161471895.3206861,
              "covariance_determinant_input": 0,
              "covariance_mode": 0,
              "dimension": 6,
              "dimension_input": 0,
              "inverse_covariance": [
                1.1572177769873002,
                -0.3110191849174185,
                -0.18300157378892873,
                -0.023710404686058395,
                -0.0005153603743340762,
                0.011219655155529324,
                -0.3110191849174185,
                2.042128701172269,
                0.32027750569079005,
                0.014759103660691397,
                -0.0033698038872898594,
                -0.009308383554910255,
                -0.18300157378892867,
                0.3202775056907901,
                0.5330110598963796,
                0.020853832320877626,
                0.016468624053635816,
                -0.01966876779378774,
                -0.023710404686058395,
                0.0147591036606914,
                0.020853832320877626,
                0.002550597741286333,
                0.00045457118031720883,
                -0.0020612081101338393,
                -0.0005153603743340753,
                -0.003369803887289859,
                0.016468624053635812,
                0.0004545711803172086,
                0.0025112267452635983,
                -0.0015004061516011127,
                0.011219655155529324,
                -0.00930838355491026,
                -0.019668767793787737,
                -0.0020612081101338393,
                -0.0015004061516011127,
                0.004368520377835435
              ],
              "inverse_covariance_input": [],
              "mean": [
                -8.404998701359538,
                -2.2271461447364107,
                -4.9590445874688855,
                78.27152071968322,
                4.724129732755642,
                27.83236716766362
              ]
            }
          ],
          "label": "",
          "mixture_coeffs": [
            1
          ],
          "parameters": {
            "absolute_regularization": 0.01,
            "covariance_mode": 0,
            "gaussians": 1,
            "relative_regularization": 0.01
          }
        }
      ],
      "transition": [
        0.971403181552887,
        0.028596796095371246,
        0.969741702079773,
        0.030258333310484886,
        1,
        0
      ]
    },
    {
      "exitProbabilities": [
        0,
        0,
        0.10000000149011612
      ],
      "label": "vent",
      "parameters": {
        "absolute_regularization": 0.01,
        "covariance_mode": 0,
        "gaussians": 1,
        "hierarchical": true,
        "regression_estimator": 0,
        "relative_regularization": 0.01,
        "states": 3,
        "transition_mode": 1
      },
      "states": [
        {
          "components": [
            {
              "bimodal": false,
              "covariance": [
                6.422033656622227,
                -0.256805463740171,
                0.1919780536950638,
                -32.98234234914754,
                101.52975802947256,
                49.08770540608166,
                -0.256805463740171,
                2.425498266006633,
                -2.674193343285258,
                -23.458955259305846,
                120.81584604122675,
                -10.23123516272158,
                0.1919780536950638,
                -2.674193343285258,
                26.485935807397468,
                240.12317785863513,
                -405.8716138389355,
                -55.43554465291481,
                -32.98234234914754,
                -23.458955259305846,
                240.12317785863513,
                7646.222604434361,
                -9674.137916890038,
                -3717.3740220545064,
                101.52975802947256,
                120.81584604122675,
                -405.8716138389355,
                -9674.137916890038,
                20236.69779706574,
                3865.4186329137538,
                49.08770540608166,
                -10.23123516272158,
                -55.43554465291481,
                -3717.3740220545064,
                3865.4186329137538,
                4109.26534320193
              ],
              "covariance_determinant": 12540983981810.184,
              "covariance_determinant_input": 0,
              "covariance_mode": 0,
              "dimension": 6,
              "dimension_input": 0,
              "inverse_covariance": [
                0.21959523880877324,
                0.14092944742716457,
                -0.010291936675256453,
                -0.004364209681657192,
                -0.0036828852767462764,
                -0.002894821463359931,
                0.14092944742716454,
                0.9008988266471741,
                0.0178787737961063,
                -0.009982526728441132,
                -0.010882448264271372,
                0.0020069175842635507,
                -0.01029193667525644,
                0.017878773796106324,
                0.06188117076259129,
                -0.0017957419385866585,
                0.0005441727471058757,
                -0.001134108805367395,
                -0.004364209681657193,
                -0.009982526728441138,
                -0.0017957419385866572,
                0.0007066613405146662,
                0.00031768619898808325,
                0.0003434876473118227,
                -0.0036828852767462764,
                -0.010882448264271373,
                0.0005441727471058765,
                0.0003176861989880832,
                0.0002878392556368749,
                0.000040870861340476,
                -0.002894821463359933,
                0.002006917584263545,
                -0.0011341088053673947,
                0.0003434876473118228,
                0.00004087086134047614,
                0.0005399146398145024
              ],
              "inverse_covariance_input": [],
              "mean": [
                -5.631378492624741,
                -1.567958808623541,
                -7.929539888014292,
                47.57091552351428,
                -283.5023887533321,
                -61.968082786749406
              ]
            }
          ],
          "label": "",
          "mixture_coeffs": [
            1
          ],
          "parameters": {
            "absolute_regularization": 0.01,
            "covariance_mode": 0,
            "gaussians": 1,
            "relative_regularization": 0.01
          }
        },
        {
          "components": [
            {
              "bimodal": false,
              "covariance": [
                16.880767383548243,
                0.6684068481113621,
                -0.36026406772704095,
                228.88884953482597,
                -762.0824267641212,
                57.648938195986275,
                0.6684068481113621,
                4.977425622866396,
                8.72747017626684,
                -28.510756416676927,
                306.0685880656748,
                -30.319943342727473,
                -0.36026406772704095,
                8.72747017626684,
                20.347285034879416,
                -50.03305979915714,
                557.9141639108602,
                -57.90308044766585,
                228.88884953482597,
                -28.510756416676927,
                -50.03305979915714,
                5065.633119784992,
                -14467.439947673822,
                1150.8833450248037,
                -762.0824267641212,
                306.0685880656748,
                557.9141639108602,
                -14467.439947673822,
                62090.76794062738,
                -5044.337314239009,
                57.648938195986275,
                -30.319943342727473,
                -57.90308044766585,
                1150.8833450248037,
                -5044.337314239009,
                612.8453909278403
              ],
              "covariance_determinant": 383055720563.6835,
              "covariance_determinant_input": 0,
              "covariance_mode": 0,
              "dimension": 6,
              "dimension_input": 0,
              "inverse_covariance": [
                0.6250249221813069,
                -1.0571968853258802,
                0.13543453768869154,
                0.0012876284407610126,
                0.01141890408066846,
                -0.0067312279574523555,
                -1.0571968853258802,
                2.7606719405002873,
                -0.5573261796041383,
                -0.011184976373142481,
                -0.022875092932843535,
                0.01609167733699652,
                0.1354345376886913,
                -0.557326179604138,
                0.23173933013597234,
                -0.0009283876855173827,
                0.002282785096524787,
                0.0021151657186033093,
                0.0012876284407610213,
                -0.011184976373142506,
                -0.0009283876855173728,
                0.0008741646021216736,
                0.0002646377828382491,
                -0.0002255936160663306,
                0.011418904080668464,
                -0.022875092932843545,
                0.0022827850965247963,
                0.000264637782838249,
                0.0003263095746227666,
                0.0001986951686768911,
                -0.006731227957452354,
                0.016091677336996516,
                0.002115165718603313,
                -0.00022559361606633071,
                0.0001986951686768911,
                0.005320002300202156
              ],
              "inverse_covariance_input": [],
              "mean": [
                -5.138564425034159,
                3.4520815680835994,
                10.935192306845689,
                72.04865576356192,
                213.2844573050455,
                -145.4289334505616
              ]
            }
          ],
          "label": "",
          "mixture_coeffs": [
            1
          ],
          "parameters": {
            "absolute_regularization": 0.01,
            "covariance_mode": 0,
            "gaussians": 1,
            "relative_regularization": 0.01
          }
        },
        {
          "components": [
            {
              "bimodal": false,
              "covariance": [
                10.658653513448316,
                -0.05909111942417713,
                -15.655711007269018,
                92.43628271492322,
                -412.0300239657184,
                71.25224504072088,
                -0.05909111942417713,
                1.6727951852981884,
                0.9778657736773452,
                -51.62652891678174,
                50.81155280313444,
                -31.373412778042912,
                -15.655711007269018,
                0.9778657736773452,
                29.963612477238875,
                -223.56693476712377,
                716.345601046034,
                -141.0081278442126,
                92.43628271492322,
                -51.62652891678174,
                -223.56693476712377,
                6621.524502502432,
                -6699.331966719694,
                1629.6757988251697,
                -412.0300239657184,
                50.81155280313444,
                716.345601046034,
                -6699.331966719694,
                22678.26418949871,
                -3763.7630367284974,
                71.25224504072088,
                -31.373412778042912,
                -141.0081278442126,
                1629.6757988251697,
                -3763.7630367284974,
                1970.6461113352134
              ],
              "covariance_determinant": 1467266043609.964,
              "covariance_determinant_input": 0,
              "covariance_mode": 0,
              "dimension": 6,
              "dimension_input": 0,
              "inverse_covariance": [
                0.5432653260214445,
                -0.21765232637672552,
                0.17196189742962645,
                0.002486971173742493,
                0.005163149923407678,
                -0.0029987266905298912,
                -0.21765232637672535,
                1.2731505058416173,
                0.10562792275251012,
                0.006556456501569569,
                -0.004658892879464427,
                0.02137665476091954,
                0.17196189742962661,
                0.10562792275251005,
                0.2235870120151567,
                0.0020098333060008834,
                -0.00286173286338514,
                0.004334904183362855,
                0.0024869711737424962,
                0.0065564565015695676,
                0.002009833306000883,
                0.0002846312948757969,
                0.000056065346654025844,
                0.000029969315471292126,
                0.005163149923407673,
                -0.00465889287946443,
                -0.0028617328633851443,
                0.000056065346654025796,
                0.00024936963691621106,
                -0.000035713719809603376,
                -0.002998726690529888,
                0.021376654760919538,
                0.004334904183362854,
                0.00002996931547129216,
                -0.00003571371980960323,
                0.0011733832299553623
              ],
              "inverse_covariance_input": [],
              "mean": [
                -0.17367236007272938,
                -0.09197927122498964,
                -8.145624546979969,
                -24.363085530594514,
                61.67211877595129,
                -110.7590313552453
              ]
            }
          ],
          "label": "",
          "mixture_coeffs": [
            1
          ],
          "parameters": {
            "absolute_regularization": 0.01,
            "covariance_mode": 0,
            "gaussians": 1,
            "relative_regularization": 0.01
          }
        }
      ],
      "transition": [
        0.9706692099571228,
        0.02933076210319996,
        0.9654159545898438,
        0.034584030508995056,
        1,
        0
      ]
    }
  ],
  "prior": [
    0.5,
    0.5
  ],
  "shared_parameters": {
    "bimodal": false,
    "column_names": [
      "accelGravX",
      "accelGravY",
      "accelGravZ",
      "rotAlpha",
      "rotBeta",
      "rotGamma"
    ],
    "dimension": 6,
    "dimension_input": 0,
    "em_algorithm_max_iterations": 0,
    "em_algorithm_min_iterations": 10,
    "em_algorithm_percent_chg": 0.01,
    "likelihood_window": 1
  },
  "transition": [
    [
      0.5,
      0.5
    ],
    [
      0.5,
      0.5
    ]
  ]
}