{
  "configuration": {
    "default_parameters": {
      "absolute_regularization": 0.01,
      "covariance_mode": 0,
      "gaussians": 1,
      "hierarchical": true,
      "regression_estimator": 0,
      "relative_regularization": 0.01,
      "states": 3,
      "transition_mode": 1
    },
    "multiClass_regression_estimator": 0,
    "multithreading": 0
  },
  "exit_transition": [
    0.1,
    0.1
  ],
  "models": [
    {
      "exitProbabilities": [
        0,
        0,
        0.10000000149011612
      ],
      "label": "nage",
      "parameters": {
        "absolute_regularization": 0.01,
        "covariance_mode": 0,
        "gaussians": 1,
        "hierarchical": true,
        "regression_estimator": 0,
        "relative_regularization": 0.01,
        "states": 3,
        "transition_mode": 1
      },
      "states": [
        {
          "components": [
            {
              "bimodal": false,
              "covariance": [
                2.636297662449774,
                2.912770168868349,
                -3.6897904932307974,
                -21.926109381125354,
                1.7215214194667325,
                42.66808018026857,
                2.912770168868349,
                4.105827600559859,
                -3.7963800288507623,
                -44.618586511119396,
                11.115453362149767,
                43.910858752534416,
                -3.6897904932307974,
                -3.7963800288507623,
                11.249498530497196,
                -39.61057732959032,
                4.1849433304765755,
                -115.08084823801508,
                -21.926109381125354,
                -44.618586511119396,
                -39.61057732959032,
                1682.3666544582488,
                -381.1602452584437,
                274.668284330331,
                1.7215214194667325,
                11.115453362149767,
                4.1849433304765755,
                -381.1602452584437,
                243.48312305499985,
                5.259233903703822,
                42.66808018026857,
                43.910858752534416,
                -115.08084823801508,
                274.668284330331,
                5.259233903703822,
                1303.1002177337286
              ],
              "covariance_determinant": 49316431.31609402,
              "covariance_determinant_input": 0,
              "covariance_mode": 0,
              "dimension": 6,
              "dimension_input": 0,
              "inverse_covariance": [
                3.9063672740208912,
                -1.8876992016893839,
                -0.10777418563310881,
                0.04016099415807414,
                0.1250679311946321,
                -0.08278577130750851,
                -1.887699201689382,
                2.4880362444537254,
                0.7536469546696527,
                0.042571804976399355,
                -0.047318332829851664,
                0.03574457015706559,
                -0.1077741856331067,
                0.7536469546696529,
                1.3857071594884738,
                0.03490164043898918,
                -0.0048364512220735595,
                0.0931721510117668,
                0.040160994158074274,
                0.04257180497639928,
                0.03490164043898909,
                0.003893085304784647,
                0.0032779293635034888,
                -0.0005011073570327532,
                0.1250679311946322,
                -0.047318332829851775,
                -0.004836451222073674,
                0.0032779293635034844,
                0.01067660247488177,
                -0.0036618033787411144,
                -0.08278577130750844,
                0.035744570157065725,
                0.09317215101176693,
                -0.0005011073570327435,
                -0.003661803378741108,
                0.010622331051225281
              ],
              "inverse_covariance_input": [],
              "mean": [
                -10.538744995822034,
                -2.444659234064191,
                -1.1910687095637025,
                33.05769970136762,
                -19.25478037079732,
                15.238620081587927
              ]
            }
          ],
          "label": "",
          "mixture_coeffs": [
            1
          ],
          "parameters": {
            "absolute_regularization": 0.01,
            "covariance_mode": 0,
            "gaussians": 1,
            "relative_regularization": 0.01
          }
        },
        {
          "components": [
            {
              "bimodal": false,
              "covariance": [
                11.486514886450841,
                -1.350680293856964,
                -25.299788859344396,
                292.66802904051576,
                25.724927289739625,
                87.91163358668838,
                -1.350680293856964,
                55.45819906020514,
                -9.188811784776947,
                -855.0377298823304,
                135.68352491542615,
                -85.23482652559163,
                -25.299788859344396,
                -9.188811784776947,
                97.00302117357474,
                -871.7726392020749,
                -109.01674679468299,
                -255.1990615933654,
                292.66802904051576,
                -855.0377298823304,
                -871.7726392020749,
                24889.940002439325,
                -1046.796917276629,
                4292.858940810406,
                25.724927289739625,
                135.68352491542615,
                -109.01674679468299,
                -1046.796917276629,
                837.0702120055327,
                -5.136766534015004,
                87.91163358668838,
                -85.23482652559163,
                -255.1990615933654,
                4292.858940810406,
                -5.136766534015004,
                1151.0488050383653
              ],
              "covariance_determinant": 1791579854677.873,
              "covariance_determinant_input": 0,
              "covariance_mode": 0,
              "dimension": 6,
              "dimension_input": 0,
              "inverse_covariance": [
                0.27322753625036567,
                0.04518529415766615,
                0.048592560750329535,
                0.0026656255310568977,
                -0.006161681943743018,
                -0.016717404050045605,
                0.04518529415766595,
                0.39021216112099466,
                0.2025238669062092,
                0.020492774512626887,
                -0.012673989255636254,
                -0.006139131511121555,
                0.048592560750329396,
                0.20252386690620913,
                0.1466464477260488,
                0.010947476034230286,
                -0.0015139343167310743,
                0.002962970812440362,
                0.002665625531056886,
                0.020492774512626894,
                0.010947476034230293,
                0.001209866479762567,
                -0.00046965500099608606,
                -0.0007732551761781118,
                -0.006161681943743015,
                -0.012673989255636257,
                -0.001513934316731078,
                -0.00046965500099608616,
                0.002659769148703803,
                0.0009598975397205043,
                -0.016717404050045608,
                -0.006139131511121599,
                0.0029629708124403343,
                -0.0007732551761781143,
                0.0009598975397205053,
                0.005236042121432612
              ],
              "inverse_covariance_input": [],
              "mean": [
                -9.633484651775204,
                7.686567361784401,
                2.7219509574059986,
                -139.1373546536978,
                -1.2261962196471226,
                -33.44859306078875
              ]
            }
          ],
          "label": "",
          "mixture_coeffs": [
            1
          ],
          "parameters": {
            "absolute_regularization": 0.01,
            "covariance_mode": 0,
            "gaussians": 1,
            "relative_regularization": 0.01
          }
        },
        {
          "components": [
            {
              "bimodal": false,
              "covariance": [
                1.2793188628266499,
                1.1279473348404359,
                -1.197736666693899,
                1.8776671795460878,
                -17.142891600402947,
                1.5084958851128865,
                1.1279473348404359,
                1.5709050175685066,
                -0.5429432630817482,
                -13.967929043685741,
                -22.197978442036746,
                -10.36920441288163,
                -1.197736666693899,
                -0.5429432630817482,
                2.9512167877614894,
                -28.4651073820097,
                11.525686429163349,
                -20.57296491612348,
                1.8776671795460878,
                -13.967929043685741,
                -28.4651073820097,
                711.8626190728767,
                194.52834769570956,
                409.97646869563346,
                -17.142891600402947,
                -22.197978442036746,
                11.525686429163349,
                194.52834769570956,
                515.2038331084569,
                184.83471859148258,
                1.5084958851128865,
                -10.36920441288163,
                -20.57296491612348,
                409.97646869563346,
                184.83471859148258,
                391.9247105644961
              ],
              "covariance_determinant": 2165135.5443734196,
              "covariance_determinant_input": 0,
              "covariance_mode": 0,
              "dimension": 6,
              "dimension_input": 0,
              "inverse_covariance": [
                5.931032564550887,
                -4.861449478502868,
                -0.23436423304143994,
                -0.06590798528241532,
                0.06262692294146417,
                -0.12434218625960382,
                -4.861449478502869,
                6.3701031293042005,
                1.319440602267011,
                0.10782462833289408,
                -0.010938125386178277,
                0.14887392048728137,
                -0.23436423304143938,
                1.31944060226701,
                2.0919381818671825,
                0.06638524348556495,
                -0.06035486326434948,
                0.1046418941772959,
                -0.06590798528241526,
                0.10782462833289397,
                0.06638524348556495,
                0.006428586167518694,
                -0.001699288006636027,
                0.0006678251702189665,
                0.06262692294146409,
                -0.010938125386178159,
                -0.06035486326434944,
                -0.0016992880066360248,
                0.007504229050264394,
                -0.00546009095329649,
                -0.12434218625960386,
                0.14887392048728137,
                0.10464189417729594,
                0.0006678251702189685,
                -0.005460090953296495,
                0.014338186456818832
              ],
              "inverse_covariance_input": [],
              "mean": [
                -9.795628598736556,
                -1.329841104287017,
                -2.405324910334915,
                59.04827823900506,
                10.29756540689709,
                22.15218744203852
              ]
            }
          ],
          "label": "",
          "mixture_coeffs": [
            1
          ],
          "parameters": {
            "absolute_regularization": 0.01,
            "covariance_mode": 0,
            "gaussians": 1,
            "relative_regularization": 0.01
          }
        }
      ],
      "transition": [
        0.9677388668060303,
        0.03226116672158241,
        0.954687237739563,
        0.04531276598572731,
        1,
        0
      ]
    },
    {
      "exitProbabilities": [
        0,
        0,
        0.10000000149011612
      ],
      "label": "vent",
      "parameters": {
        "absolute_regularization": 0.01,
        "covariance_mode": 0,
        "gaussians": 1,
        "hierarchical": true,
        "regression_estimator": 0,
        "relative_regularization": 0.01,
        "states": 3,
        "transition_mode": 1
      },
      "states": [
        {
          "components": [
            {
              "bimodal": false,
              "covariance": [
                19.227977905605123,
                3.26534655307612,
                -0.7437586285006507,
                -98.38435923917663,
                901.0482243652185,
                53.13608450277663,
                3.26534655307612,
                2.721469834974713,
                -0.2941361327708081,
                -37.428747234915626,
                176.47851004168132,
                8.91928295701484,
                -0.7437586285006507,
                -0.2941361327708081,
                11.118312445453645,
                69.4323850219362,
                -137.17749854157861,
                -16.573281729818913,
                -98.38435923917663,
                -37.428747234915626,
                69.4323850219362,
                2593.5304146709527,
                -5923.771772395423,
                -663.4538476369445,
                901.0482243652185,
                176.47851004168132,
                -137.17749854157861,
                -5923.771772395423,
                50907.00147123631,
                2307.003202716257,
                53.13608450277663,
                8.91928295701484,
                -16.573281729818913,
                -663.4538476369445,
                2307.003202716257,
                563.6720647746421
              ],
              "covariance_determinant": 1607843385875.352,
              "covariance_determinant_input": 0,
              "covariance_mode": 0,
              "dimension": 6,
              "dimension_input": 0,
              "inverse_covariance": [
                0.39841679530724783,
                -0.03931260274791226,
                -0.06079917125334037,
                -0.003015075869926788,
                -0.006770396920152772,
                -0.01456227280104147,
                -0.03931260274791232,
                0.5316105410638798,
                -0.03171754786447611,
                0.006803027083416173,
                -0.0006731290648047141,
                0.005123678587816862,
                -0.060799171253340334,
                -0.03171754786447612,
                0.12013069628414969,
                -0.00308556863499146,
                0.0010715376664615617,
                0.0017480276380944515,
                -0.003015075869926795,
                0.006803027083416174,
                -0.003085568634991459,
                0.0008299946262881001,
                0.00008580140744661132,
                0.0007116056232330431,
                -0.006770396920152773,
                -0.0006731290648047149,
                0.0010715376664615624,
                0.00008580140744661121,
                0.00014643398187740253,
                0.00018205038395689265,
                -0.014562272801041476,
                0.00512367858781686,
                0.0017480276380944532,
                0.0007116056232330429,
                0.00018205038395689268,
                0.003209631905625528
              ],
              "inverse_covariance_input": [],
              "mean": [
                -7.572528671156787,
                -0.8240586021139434,
                -8.303229327355938,
                43.406845964004745,
                -415.90680240617775,
                -76.47910215411297
              ]
            }
          ],
          "label": "",
          "mixture_coeffs": [
            1
          ],
          "parameters": {
            "absolute_regularization": 0.01,
            "covariance_mode": 0,
            "gaussians": 1,
            "relative_regularization": 0.01
          }
        },
        {
          "components": [
            {
              "bimodal": false,
              "covariance": [
                8.759242903055593,
                -1.247273241271854,
                -13.855329379946216,
                -59.6938804291277,
                -300.72647394608833,
                98.17256331831116,
                -1.247273241271854,
                2.1270549565506327,
                7.7474178268902865,
                70.59777933343031,
                105.69577882574129,
                -23.452564743966736,
                -13.855329379946216,
                7.7474178268902865,
                56.49000659606996,
                434.6550427588589,
                606.0385495967037,
                -189.29706621836738,
                -59.6938804291277,
                70.59777933343031,
                434.6550427588589,
                6968.318531051862,
                358.46115407685,
                -598.097244413799,
                -300.72647394608833,
                105.69577882574129,
                606.0385495967037,
                358.46115407685,
                17872.149666740683,
                -3984.86037153136,
                98.17256331831116,
                -23.452564743966736,
                -189.29706621836738,
                -598.097244413799,
                -3984.86037153136,
                1700.700910352307
              ],
              "covariance_determinant": 997180249398.4536,
              "covariance_determinant_input": 0,
              "covariance_mode": 0,
              "dimension": 6,
              "dimension_input": 0,
              "inverse_covariance": [
                0.7347556310695416,
                -0.808383767674084,
                -0.016763245813966134,
                0.013084690279198846,
                0.012810244125392216,
                -0.02081012483532059,
                -0.808383767674084,
                2.1542908873241573,
                -0.0025962286869071066,
                -0.02624219789984579,
                -0.022661009297163755,
                0.013757239932825783,
                -0.01676324581396614,
                -0.0025962286869070685,
                0.10458691290131138,
                -0.006177793492027833,
                -0.0028694819774519056,
                0.003676949924469688,
                0.013084690279198844,
                -0.026242197899845793,
                -0.006177793492027833,
                0.0008502901949514275,
                0.00048591505180638477,
                -0.000367250204736632,
                0.01281024412539222,
                -0.02266100929716376,
                -0.0028694819774519056,
                0.0004859150518063849,
                0.00047200187198156974,
                -0.00009453267220320032,
                -0.020810124835320576,
                0.013757239932825767,
                0.0036769499244696862,
                -0.0003672502047366317,
                -0.00009453267220319996,
                0.0020375780572467485
              ],
              "inverse_covariance_input": [],
              "mean": [
                -7.059742661085977,
                0.8097337030810363,
                7.45773933144094,
                -0.13420625539046654,
                257.7647138776016,
                -120.11988715692398
              ]
            }
          ],
          "label": "",
          "mixture_coeffs": [
            1
          ],
          "parameters": {
            "absolute_regularization": 0.01,
            "covariance_mode": 0,
            "gaussians": 1,
            "relative_regularization": 0.01
          }
        },
        {
          "components": [
            {
              "bimodal": false,
              "covariance": [
                1.087413366936698,
                0.424671106009961,
                0.36191995616628053,
                -3.1336864468435603,
                24.508057293516167,
                8.501395522461609,
                0.424671106009961,
                0.9801034071916696,
                -0.3317413600002226,
                -23.41221446773831,
                8.653062445001654,
                -10.581644351573571,
                0.36191995616628053,
                -0.3317413600002226,
                9.332168086065597,
                -61.337477952959475,
                115.89531859624786,
                14.25882581019853,
                -3.1336864468435603,
                -23.41221446773831,
                -61.337477952959475,
                3502.200587268284,
                -1268.446565623179,
                1114.7419725460334,
                24.508057293516167,
                8.653062445001654,
                115.89531859624786,
                -1268.446565623179,
                3177.2194076884743,
                256.02971532393883,
                8.501395522461609,
                -10.581644351573571,
                14.25882581019853,
                1114.7419725460334,
                256.02971532393883,
                729.3041959039635
              ],
              "covariance_determinant": 3272219288.723924,
              "covariance_determinant_input": 0,
              "covariance_mode": 0,
              "dimension": 6,
              "dimension_input": 0,
              "inverse_covariance": [
                1.9465570335463758,
                -1.0223545630081872,
                0.16965530990939878,
                0.013529299081642052,
                -0.008295086983512721,
                -0.05860876459296984,
                -1.0223545630081872,
                1.9653647020612393,
                0.09804822310070607,
                -0.0013191570421759863,
                -0.004976681498708417,
                0.04227985593984958,
                0.1696553099093988,
                0.098048223100706,
                0.263518166459769,
                0.00775708038890752,
                -0.0068701748395145635,
                -0.015152016602740624,
                0.013529299081642052,
                -0.0013191570421759863,
                0.007757080388907519,
                0.0013722945754150945,
                0.00037011022394885435,
                -0.002555994081781002,
                -0.008295086983512723,
                -0.004976681498708417,
                -0.006870174839514566,
                0.0003701102239488543,
                0.0008474053109951917,
                -0.0007043965694090394,
                -0.05860876459296984,
                0.04227985593984958,
                -0.01515201660274062,
                -0.002555994081781002,
                -0.0007043965694090396,
                0.007118177874100357
              ],
              "inverse_covariance_input": [],
              "mean": [
                -1.8505137593521592,
                -1.3399260610892567,
                -11.30042517233688,
                -29.418415352059352,
                -33.1685597148686,
                -38.721555949044586
              ]
            }
          ],
          "label": "",
          "mixture_coeffs": [
            1
          ],
          "parameters": {
            "absolute_regularization": 0.01,
            "covariance_mode": 0,
            "gaussians": 1,
            "relative_regularization": 0.01
          }
        }
      ],
      "transition": [
        0.9629737734794617,
        0.03702623024582863,
        0.971773624420166,
        0.028226390480995178,
        1,
        0
      ]
    }
  ],
  "prior": [
    0.5,
    0.5
  ],
  "shared_parameters": {
    "bimodal": false,
    "column_names": [
      "accelGravX",
      "accelGravY",
      "accelGravZ",
      "rotAlpha",
      "rotBeta",
      "rotGamma"
    ],
    "dimension": 6,
    "dimension_input": 0,
    "em_algorithm_max_iterations": 0,
    "em_algorithm_min_iterations": 10,
    "em_algorithm_percent_chg": 0.01,
    "likelihood_window": 1
  },
  "transition": [
    [
      0.5,
      0.5
    ],
    [
      0.5,
      0.5
    ]
  ]
}