{
  "configuration": {
    "default_parameters": {
      "absolute_regularization": 0.01,
      "covariance_mode": 0,
      "gaussians": 1,
      "hierarchical": true,
      "regression_estimator": 0,
      "relative_regularization": 0.01,
      "states": 3,
      "transition_mode": 1
    },
    "multiClass_regression_estimator": 0,
    "multithreading": 0
  },
  "exit_transition": [
    0.1,
    0.1
  ],
  "models": [
    {
      "exitProbabilities": [
        0,
        0,
        0.10000000149011612
      ],
      "label": "nage",
      "parameters": {
        "absolute_regularization": 0.01,
        "covariance_mode": 0,
        "gaussians": 1,
        "hierarchical": true,
        "regression_estimator": 0,
        "relative_regularization": 0.01,
        "states": 3,
        "transition_mode": 1
      },
      "states": [
        {
          "components": [
            {
              "bimodal": false,
              "covariance": [
                0.0377007702516991,
                -0.08609930473428623,
                0.13919788856051657,
                0,
                0,
                0,
                -0.08609930473428623,
                0.6052085437239142,
                -0.9428128062866096,
                0,
                0,
                0,
                0.13919788856051657,
                -0.9428128062866096,
                1.9562015937775623,
                0,
                0,
                0,
                0,
                0,
                0,
                0.01,
                0,
                0,
                0,
                0,
                0,
                0,
                0.01,
                0,
                0,
                0,
                0,
                0,
                0,
                0.01
              ],
              "covariance_determinant": 7.493125019480064e-9,
              "covariance_determinant_input": 0,
              "covariance_mode": 0,
              "dimension": 6,
              "dimension_input": 0,
              "inverse_covariance": [
                39.3712809189132,
                4.963222301076717,
                -0.40947192277174377,
                0,
                0,
                0,
                4.963222301076717,
                7.256552444000521,
                3.14420585715315,
                0,
                0,
                0,
                -0.40947192277174377,
                3.14420585715315,
                2.055716132525177,
                0,
                0,
                0,
                0,
                0,
                0,
                100,
                0,
                0,
                0,
                0,
                0,
                0,
                100,
                0,
                0,
                0,
                0,
                0,
                0,
                100
              ],
              "inverse_covariance_input": [],
              "mean": [
                -0.8812608158119359,
                9.78628081639323,
                2.363044239510116,
                0,
                0,
                0
              ]
            }
          ],
          "label": "",
          "mixture_coeffs": [
            1
          ],
          "parameters": {
            "absolute_regularization": 0.01,
            "covariance_mode": 0,
            "gaussians": 1,
            "relative_regularization": 0.01
          }
        },
        {
          "components": [
            {
              "bimodal": false,
              "covariance": [
                0.275619435362195,
                -1.7155388270480127,
                0.306589426118592,
                0,
                0,
                0,
                -1.7155388270480127,
                16.575147333005095,
                -3.5482836092918513,
                0,
                0,
                0,
                0.306589426118592,
                -3.5482836092918513,
                1.7462985024555584,
                0,
                0,
                0,
                0,
                0,
                0,
                0.01,
                0,
                0,
                0,
                0,
                0,
                0,
                0.01,
                0,
                0,
                0,
                0,
                0,
                0,
                0.01
              ],
              "covariance_determinant": 0.0000015427646794468651,
              "covariance_determinant_input": 0,
              "covariance_mode": 0,
              "dimension": 6,
              "dimension_input": 0,
              "inverse_covariance": [
                10.60099353551548,
                1.2367256487772267,
                0.6517218120533963,
                0,
                0,
                0,
                1.2367256487772267,
                0.25105366759614084,
                0.2929869126840523,
                0,
                0,
                0,
                0.6517218120533966,
                0.29298691268405236,
                1.053536747056935,
                0,
                0,
                0,
                0,
                0,
                0,
                100,
                0,
                0,
                0,
                0,
                0,
                0,
                100,
                0,
                0,
                0,
                0,
                0,
                0,
                100
              ],
              "inverse_covariance_input": [],
              "mean": [
                -0.6442305688661291,
                1.4615840522195596,
                8.485018873646036,
                0,
                0,
                0
              ]
            }
          ],
          "label": "",
          "mixture_coeffs": [
            1
          ],
          "parameters": {
            "absolute_regularization": 0.01,
            "covariance_mode": 0,
            "gaussians": 1,
            "relative_regularization": 0.01
          }
        },
        {
          "components": [
            {
              "bimodal": false,
              "covariance": [
                0.10143917115045327,
                0.09084721774276483,
                -0.164341154228986,
                0,
                0,
                0,
                0.09084721774276483,
                0.3368201244594772,
                -0.4365256613133867,
                0,
                0,
                0,
                -0.164341154228986,
                -0.4365256613133867,
                1.8060280278718956,
                0,
                0,
                0,
                0,
                0,
                0,
                0.01,
                0,
                0,
                0,
                0,
                0,
                0,
                0.01,
                0,
                0,
                0,
                0,
                0,
                0,
                0.01
              ],
              "covariance_determinant": 3.140862652211526e-8,
              "covariance_determinant_input": 0,
              "covariance_mode": 0,
              "dimension": 6,
              "dimension_input": 0,
              "inverse_covariance": [
                13.300547601019145,
                -2.9397493838766735,
                0.4997437951171654,
                0,
                0,
                0,
                -2.939749383876673,
                4.972964072100353,
                0.9344841814884549,
                0,
                0,
                0,
                0.4997437951171656,
                0.9344841814884549,
                0.8250452232323647,
                0,
                0,
                0,
                0,
                0,
                0,
                100,
                0,
                0,
                0,
                0,
                0,
                0,
                100,
                0,
                0,
                0,
                0,
                0,
                0,
                100
              ],
              "inverse_covariance_input": [],
              "mean": [
                -0.6179028249037812,
                10.17869817114935,
                0.9166776799908742,
                0,
                0,
                0
              ]
            }
          ],
          "label": "",
          "mixture_coeffs": [
            1
          ],
          "parameters": {
            "absolute_regularization": 0.01,
            "covariance_mode": 0,
            "gaussians": 1,
            "relative_regularization": 0.01
          }
        }
      ],
      "transition": [
        0.9666961431503296,
        0.0333038829267025,
        0.9873793721199036,
        0.012620573863387108,
        1,
        0
      ]
    },
    {
      "exitProbabilities": [
        0,
        0,
        0.10000000149011612
      ],
      "label": "vent",
      "parameters": {
        "absolute_regularization": 0.01,
        "covariance_mode": 0,
        "gaussians": 1,
        "hierarchical": true,
        "regression_estimator": 0,
        "relative_regularization": 0.01,
        "states": 3,
        "transition_mode": 1
      },
      "states": [
        {
          "components": [
            {
              "bimodal": false,
              "covariance": [
                8.374343058907229,
                7.825995838422963,
                -3.945512005537317,
                -0.72185251973891,
                -1.1561908394780929,
                -2.2498246473503145,
                7.825995838422963,
                8.216478183981241,
                -3.8355021492418784,
                -0.5301124387701082,
                -1.5594334770771847,
                -2.521568518325525,
                -3.945512005537317,
                -3.8355021492418784,
                2.5003720975226176,
                0.3059039783448734,
                0.898256585130319,
                1.7050352634158066,
                -0.72185251973891,
                -0.5301124387701082,
                0.3059039783448734,
                0.3739438401263268,
                0.249339158435393,
                0.6808154631170317,
                -1.1561908394780929,
                -1.5594334770771847,
                0.898256585130319,
                0.249339158435393,
                1.3103084110390888,
                2.2123335212583033,
                -2.2498246473503145,
                -2.521568518325525,
                1.7050352634158066,
                0.6808154631170317,
                2.2123335212583033,
                4.4666967876788926
              ],
              "covariance_determinant": 0.3384133948008718,
              "covariance_determinant_input": 0,
              "covariance_mode": 0,
              "dimension": 6,
              "dimension_input": 0,
              "inverse_covariance": [
                2.3663176678255167,
                -1.9344355696920619,
                0.9653478218537559,
                1.4671067024722202,
                -1.9789973586046492,
                0.4879241352124477,
                -1.9344355696920617,
                2.0904113818809167,
                -0.028009430746916697,
                -0.8272173960732443,
                2.3161896525399395,
                -0.8046818513821237,
                0.9653478218537564,
                -0.02800943074691753,
                2.082527731314341,
                0.9949855343405892,
                0.03347503710364974,
                -0.4927594559329258,
                1.4671067024722222,
                -0.8272173960732466,
                0.9949855343405891,
                5.49814926276437,
                1.0914135254205815,
                -1.4864303593757693,
                -1.9789973586046465,
                2.316189652539936,
                0.03347503710365152,
                1.0914135254205857,
                8.065507906688739,
                -3.863187446061098,
                0.48792413521244565,
                -0.8046818513821211,
                -0.4927594559329266,
                -1.4864303593757715,
                -3.863187446061097,
                2.343454218491172
              ],
              "inverse_covariance_input": [],
              "mean": [
                -1.256225206366744,
                4.686816363370593,
                7.3437963034525335,
                -0.23926845591127258,
                -0.007079990880789133,
                -0.14177715507542402
              ]
            }
          ],
          "label": "",
          "mixture_coeffs": [
            1
          ],
          "parameters": {
            "absolute_regularization": 0.01,
            "covariance_mode": 0,
            "gaussians": 1,
            "relative_regularization": 0.01
          }
        },
        {
          "components": [
            {
              "bimodal": false,
              "covariance": [
                36.99353087103436,
                10.748560779026336,
                8.451714748308332,
                1.2913602744229327,
                7.544610876534753,
                3.0715792500130816,
                10.748560779026336,
                4.704501764863436,
                2.154963059930601,
                0.14955896958025294,
                1.950220655981384,
                -0.08993205896767524,
                8.451714748308332,
                2.154963059930601,
                6.977990942529832,
                -1.3234697767136896,
                3.490141751803847,
                5.425062108339517,
                1.2913602744229327,
                0.14955896958025294,
                -1.3234697767136896,
                1.1978800995180967,
                -0.6588567593636837,
                -2.183600139270905,
                7.544610876534753,
                1.950220655981384,
                3.490141751803847,
                -0.6588567593636837,
                2.9235775256616825,
                3.434175648626561,
                3.0715792500130816,
                -0.08993205896767524,
                5.425062108339517,
                -2.183600139270905,
                3.434175648626561,
                8.280082940546734
              ],
              "covariance_determinant": 110.6721364038883,
              "covariance_determinant_input": 0,
              "covariance_mode": 0,
              "dimension": 6,
              "dimension_input": 0,
              "inverse_covariance": [
                0.29171899637595833,
                -0.3909431749094642,
                -0.08720288662535432,
                -0.6863650136656687,
                -0.5167492054981653,
                -0.022011188482496172,
                -0.39094317490946423,
                1.056340407271219,
                -0.003042572443509639,
                1.084200980595686,
                0.05881340440503757,
                0.42002040707023464,
                -0.0872028866253543,
                -0.003042572443509736,
                0.47295080246699317,
                0.23814923507476404,
                -0.061636052139136976,
                -0.18919119582678012,
                -0.6863650136656687,
                1.0842009805956858,
                0.23814923507476413,
                3.3972983464188906,
                0.6772300707329769,
                0.7253995807988466,
                -0.5167492054981652,
                0.058813404405037684,
                -0.06163605213913728,
                0.6772300707329769,
                2.689859727021018,
                -0.7043101354503096,
                -0.022011188482496256,
                0.4200204070702347,
                -0.18919119582677993,
                0.7253995807988468,
                -0.7043101354503098,
                0.7408698419435423
              ],
              "inverse_covariance_input": [],
              "mean": [
                -0.9267041680041657,
                4.216278068693783,
                6.814362784951371,
                0.6090627220855439,
                -0.08634139037517051,
                0.4312543605943276
              ]
            }
          ],
          "label": "",
          "mixture_coeffs": [
            1
          ],
          "parameters": {
            "absolute_regularization": 0.01,
            "covariance_mode": 0,
            "gaussians": 1,
            "relative_regularization": 0.01
          }
        },
        {
          "components": [
            {
              "bimodal": false,
              "covariance": [
                9.647947995425701,
                2.676907596160044,
                1.0339909986239448,
                0.4295830800793527,
                2.062966750285529,
                -0.22625037918935786,
                2.676907596160044,
                1.2662235307894174,
                0.8924844892979111,
                -0.2406614520104679,
                1.1540498110198978,
                0.7099814026466125,
                1.0339909986239448,
                0.8924844892979111,
                1.5072513496888416,
                -0.42847787395891745,
                0.9681267427356439,
                1.0836635097130012,
                0.4295830800793527,
                -0.2406614520104679,
                -0.42847787395891745,
                0.5022779742848554,
                -0.41291254467270444,
                -0.7499417509650148,
                2.062966750285529,
                1.1540498110198978,
                0.9681267427356439,
                -0.41291254467270444,
                1.2899328798296736,
                1.0419682734844027,
                -0.22625037918935786,
                0.7099814026466125,
                1.0836635097130012,
                -0.7499417509650148,
                1.0419682734844027,
                1.6313201762486822
              ],
              "covariance_determinant": 0.019233054107119566,
              "covariance_determinant_input": 0,
              "covariance_mode": 0,
              "dimension": 6,
              "dimension_input": 0,
              "inverse_covariance": [
                0.7954804880026469,
                -1.362756827122695,
                0.001550832956577597,
                -0.3813515121918717,
                -1.2436401117550488,
                1.32142747648875,
                -1.3627568271226937,
                8.89386508515183,
                -1.0861383681890047,
                0.4405719467071707,
                -4.727526183075674,
                -0.11613842068939581,
                0.001550832956577347,
                -1.0861383681890047,
                1.7067797242604803,
                -0.37654106116241054,
                0.498670556365821,
                -1.1524829867151996,
                -0.3813515121918699,
                0.4405719467071717,
                -0.37654106116241154,
                6.943784098170601,
                0.2852881790895885,
                3.015433414038937,
                -1.2436401117550504,
                -4.727526183075666,
                0.49867055636581953,
                0.28528817908959425,
                11.051866627130934,
                -5.374208240045648,
                1.3214274764887513,
                -0.1161384206894001,
                -1.152482986715199,
                3.0154334140389327,
                -5.374208240045649,
                6.431286385798242
              ],
              "inverse_covariance_input": [],
              "mean": [
                -0.4512515002560099,
                7.129030266087062,
                4.539647828867984,
                0.2606050543783765,
                -0.2775254574452624,
                -0.16558440096694724
              ]
            }
          ],
          "label": "",
          "mixture_coeffs": [
            1
          ],
          "parameters": {
            "absolute_regularization": 0.01,
            "covariance_mode": 0,
            "gaussians": 1,
            "relative_regularization": 0.01
          }
        }
      ],
      "transition": [
        0.9801230430603027,
        0.01987697370350361,
        0.9925292730331421,
        0.007470717187970877,
        1,
        0
      ]
    }
  ],
  "prior": [
    0.5,
    0.5
  ],
  "shared_parameters": {
    "bimodal": false,
    "column_names": [
      "accelGravX",
      "accelGravY",
      "accelGravZ",
      "rotAlpha",
      "rotBeta",
      "rotGamma"
    ],
    "dimension": 6,
    "dimension_input": 0,
    "em_algorithm_max_iterations": 0,
    "em_algorithm_min_iterations": 10,
    "em_algorithm_percent_chg": 0.01,
    "likelihood_window": 1
  },
  "transition": [
    [
      0.5,
      0.5
    ],
    [
      0.5,
      0.5
    ]
  ]
}